clone_id	junction_aa	v_call	j_call	Score (KLGGALQAK)
15311	CLVGDVNNNARLMF	TRAV4*01	TRAJ31*01	0.028457452370495847
15311	CASSPPDSFTQYF	TRBV5-1*01	TRBJ2-3*01	0.028457452370495847
71	CSVEDGYEQYF	TRBV29-1*01	TRBJ2-7*01	-0.03813066529027745
71	CAGQSNAGGTSYGKLTF	TRAV35*01	TRAJ52*01	-0.03813066529027745
85	CASSQGGQGAPYEQYF	TRBV4-1*01	TRBJ2-7*01	-0.04474955543883383
85	CLVGAGNMLTF	TRAV4*01	TRAJ39*01	-0.04474955543883383
172	CASSRAGTGYNEQFF	TRBV19*01	TRBJ2-1*01	0.05504248837582171
172	CAYRSVPLNRDDKIIF	TRAV38-2/DV8*01	TRAJ30*01	0.05504248837582171
182	CAEKRPTDKLIF	TRAV13-2*01	TRAJ34*01	0.019012867474405937
182	CASSEVGVFEAFF	TRBV2*01	TRBJ1-1*01	0.019012867474405937
300	CASSLRGGQSYEQYF	TRBV12-4*01	TRBJ2-7*01	0.0929307897152144
300	CAYRSVPKVSGSRLTF	TRAV38-2/DV8*01	TRAJ53*01	0.0929307897152144
301	CASSQWDNQPQHF	TRBV4-1*01	TRBJ1-5*01	0.043544785889649225
301	CAVSGNTGKLIF	TRAV20*01	TRAJ37*01	0.043544785889649225
302	CAISEGAPNTEAFF	TRBV10-3*01	TRBJ1-1*01	0.03198897876317231
302	CAASLKTSYDKVIF	TRAV23/DV6*01	TRAJ50*01	0.03198897876317231
519	CASSYGTGDLSYNEQFF	TRBV7-8*01	TRBJ2-1*01	0.06878595625493888
519	CALLPGSGTASKLTF	TRAV38-1*01	TRAJ44*01	0.06878595625493888
644	CASSFPVTAITGNTEAFF	TRBV11-2*01	TRBJ1-1*01	0.05695152147029993
644	CAYETGNQFYF	TRAV38-2/DV8*01	TRAJ49*01	0.05695152147029993
703	CASSFPGQGNTQYF	TRBV27*01	TRBJ2-3*01	-0.04009406231628454
703	CVRITHMDAGYLLTF	TRAV10*01	TRAJ39*01	-0.04009406231628454
758	CASSVASGQLYGYTF	TRBV9*01	TRBJ1-2*01	-0.01262907207330339
758	CILPLVHAGGTSYGKLTF	TRAV26-2*01	TRAJ52*01	-0.01262907207330339
786	CASSLGRAGYGETQYF	TRBV12-4*01	TRBJ2-5*01	0.09887215771844989
786	CAMREGLDDMRF	TRAV14/DV4*02	TRAJ43*01	0.09887215771844989
856	CAHRGSQGNLIF	TRAV12-2*01	TRAJ42*01	-0.1072931006619957
856	CASSPLTGESMSEKLFF	TRBV11-3*01	TRBJ1-4*01	-0.1072931006619957
991	CAFETGNQFYF	TRAV38-2/DV8*01	TRAJ49*01	0.03373398534196263
991	CATSGDTQYF	TRBV24-1*01	TRBJ2-3*01	0.03373398534196263
1009	CADLGSQGNLIF	TRAV5*01	TRAJ42*01	-0.07581295594247783
1009	CASSEGWHSYEQYF	TRBV6-1*01	TRBJ2-7*01	-0.07581295594247783
1012	CATSTGDSNQPQHF	TRBV15*01	TRBJ1-5*01	0.03322309393248218
1012	CAVRSSGGSYIPTF	TRAV1-2*01	TRAJ6*01	0.03322309393248218
1014	CASSLESGFLSGYTF	TRBV7-9*01	TRBJ1-2*01	0.02477522477522478
1014	CAFHGARLMF	TRAV29/DV5*01	TRAJ31*01	0.02477522477522478
1026	CASSLSGYEQYF	TRBV28*01	TRBJ2-7*01	0.07517187034054505
1026	CAESKNNNARLMF	TRAV5*01	TRAJ31*01	0.07517187034054505
1030	CAVLGTQGGSEKLVF	TRAV41*01	TRAJ57*01	0.04622414622414623
1030	CASSLLWAEYNEQFF	TRBV4-1*01	TRBJ2-1*01	0.04622414622414623
1047	CASSPGGGASYEQYF	TRBV9*01	TRBJ2-7*01	0.12560025861540017
1047	CAVRAHSGGGADGLTF	TRAV3*01	TRAJ45*01	0.12560025861540017
1052	CAFTSGTYKYIF	TRAV38-1*01	TRAJ40*01	0.11456732649376741
1052	CASSIVQGSNQPQHF	TRBV19*01	TRBJ1-5*01	0.11456732649376741
1063	CAFMKHRAAGNKLTF	TRAV38-1*01	TRAJ17*01	0.026839826839826844
1063	CASGGKVFPPYEQYF	TRBV12-5*01	TRBJ2-7*01	0.026839826839826844
1086	CAEMGGNTPLVF	TRAV5*01	TRAJ29*01	0.1016116392236464
1086	CASSLTGESYEQYF	TRBV13*01	TRBJ2-7*01	0.1016116392236464
1128	CATEPNTGFQKLVF	TRAV17*01	TRAJ8*01	0.027616956207532357
1128	CASSQTTPLTYNYEQYF	TRBV19*01	TRBJ2-7*01	0.027616956207532357
1274	CATEGDSGYSTLTF	TRAV17*01	TRAJ11*01	-0.2184708036488738
1274	CASSLQGGNYGYTF	TRBV6-5*01	TRBJ1-2*01	-0.2184708036488738
1294	CAVNGFDMRF	TRAV8-1*01	TRAJ43*01	0.03919828631682433
1294	CASSQDMGWGTDTQYF	TRBV14*01	TRBJ2-3*01	0.03919828631682433
1475	CASSWGDYNEQFF	TRBV7-2*01	TRBJ2-1*01	0.07634557251790378
1475	CAVSLNFGNEKLTF	TRAV41*01	TRAJ48*01	0.07634557251790378
1525	CASSLEPTANQPQHF	TRBV6-5*01	TRBJ1-5*01	-0.05408788001659583
1525	CAVGGYRGAGSYQLTF	TRAV8-3*01	TRAJ28*01	-0.05408788001659583
1552	CASSTPRGGYTF	TRBV6-3*01	TRBJ1-2*01	0.0978431290931291
1552	CAVILFYNQGGKLIF	TRAV12-2*01	TRAJ23*01	0.0978431290931291
1632	CAAKGGSEKLVF	TRAV29/DV5*01	TRAJ57*01	0.04500023785738072
1632	CASSQRRTGPSSTDTQYF	TRBV4-1*01	TRBJ2-3*01	0.04500023785738072
1702	CAVLRMDSSYKLIF	TRAV21*01	TRAJ12*01	0.12059086238752575
1702	CASTPRRLGLFPSSGNTIYF	TRBV6-6*01	TRBJ1-3*01	0.12059086238752575
1967	CAEGDNDMRF	TRAV5*01	TRAJ43*01	-0.03585806303197609
1967	CASSLGGGVLFF	TRBV12-3*01	TRBJ1-4*01	-0.03585806303197609
2061	CAISSDSGDEQFF	TRBV10-3*01	TRBJ2-1*01	0.08372371356242324
2061	CARRDPTGRRALTF	TRAV12-2*01	TRAJ5*01	0.08372371356242324
4045	CAVNNARLMF	TRAV12-2*01	TRAJ31*01	0.03728748673954851
4045	CASSQGGGGTDTQYF	TRBV4-3*01	TRBJ2-3*01	0.03728748673954851
4477	CAISESVNTEAFF	TRBV10-3*01	TRBJ1-1*01	0.11264137149021095
4477	CAVNRGYQKVTF	TRAV12-2*01	TRAJ13*01	0.11264137149021095
4716	CAVRDAHNNAGNMLTF	TRAV1-1*01	TRAJ39*01	0.06160536843463674
4716	CASSVTSSRGGTDTQYF	TRBV9*01	TRBJ2-3*01	0.06160536843463674
5459	CAVLDSNYQLIW	TRAV1-2*01	TRAJ33*01	0.140608215351657
5459	CASKKLAGDSYEQYF	TRBV6-5*01	TRBJ2-7*01	0.140608215351657
5867	CAVRGATNKLIF	TRAV20*01	TRAJ32*01	0.12755098941575796
5867	CASSQEDSWGDTQYF	TRBV14*01	TRBJ2-3*01	0.12755098941575796
7869	CASSRQNTGELFF	TRBV19*01	TRBJ2-2*01	-0.08932923180640345
7869	CAVCGSNFGNEKLTF	TRAV12-2*01	TRAJ48*01	-0.08932923180640345
8897	CASSQERGGPDTQYF	TRBV4-2*01	TRBJ2-3*01	0.1433739593097047
8897	CAVRDSNYQLIW	TRAV1-2*01	TRAJ33*01	0.1433739593097047
14772	CVGRKGSARQLTF	TRAV8-2*01	TRAJ22*01	0.08810767056459098
14772	CSARDLEVLSYEQYF	TRBV20-1*01	TRBJ2-7*01	0.08810767056459098
15334	CAGDSGGYQKVTF	TRAV2*01	TRAJ13*01	0.0643635231870526
15334	CASSAGSFRHPYSNQPQHF	TRBV9*01	TRBJ1-5*01	0.0643635231870526
18798	CASSPLRGGVTYNEQFF	TRBV5-6*01	TRBJ2-1*01	0.08693260997408464
18798	CAVVPMYGGSQGNLIF	TRAV8-3*01	TRAJ42*01	0.08693260997408464
19556	CASSDSLGDRGSYEQYF	TRBV7-9*01	TRBJ2-7*01	0.0991626744932273
19556	CVVRAGGYNKLIF	TRAV10*01	TRAJ4*01	0.0991626744932273
20942	CASSFRGPNLYTEAFF	TRBV12-3*01	TRBJ1-1*01	0.016774891774891776
20942	CAVREEDYKLSF	TRAV1-2*01	TRAJ20*01	0.016774891774891776
21375	CAVDNFNKFYF	TRAV21*01	TRAJ21*01	0.135412212657741
21375	CASSSQGGYGYTF	TRBV7-3*01	TRBJ1-2*01	0.135412212657741
21377	CAFTELNSGGSNYKLTF	TRAV38-1*01	TRAJ53*01	0.0210410988188766
21377	CASSLSGGLLRTGELFF	TRBV27*01	TRBJ2-2*01	0.0210410988188766
21378	CVVNTNAGKSTF	TRAV12-1*01	TRAJ27*01	0.10048935023645918
21378	CASSGRVTGGFYNEQFF	TRBV9*01	TRBJ2-1*01	0.10048935023645918
21380	CASSLVSPSEQFF	TRBV13*01	TRBJ2-1*01	0.092288135145278
21380	CAGPTTSGTYKYIF	TRAV35*01	TRAJ40*01	0.092288135145278
21381	CVVSASYNTDKLIF	TRAV10*01	TRAJ34*01	0.13960392455016113
21381	CASSLFTGTNEQFF	TRBV28*01	TRBJ2-1*01	0.13960392455016113
21382	CASSLDQGAQDNEQFF	TRBV28*01	TRBJ2-1*01	0.01724325057658391
21382	CAVIDYKLSF	TRAV8-1*01	TRAJ20*01	0.01724325057658391
21383	CAVRGTSGYALNF	TRAV3*01	TRAJ41*01	0.052116402116402116
21383	CATSFAPGQGEHGYTF	TRBV15*01	TRBJ1-2*01	0.052116402116402116
21384	CASSTSTGQGWHYGYTF	TRBV28*01	TRBJ1-2*01	0.04691432682854608
21384	CAMSPLLETGANNLFF	TRAV12-3*01	TRAJ36*01	0.04691432682854608
21385	CAYFGAQKLVF	TRAV38-1*01	TRAJ54*01	0.11275498472275747
21385	CASRPSRGTNYGYTF	TRBV6-1*01	TRBJ1-2*01	0.11275498472275747
21392	CASSQNYEQYF	TRBV7-8*01	TRBJ2-7*01	0.0919739715822665
21392	CVVSDLYNTDKLIF	TRAV8-2*01	TRAJ34*01	0.0919739715822665
21398	CALNPFNAGNMLTF	TRAV12-2*01	TRAJ39*01	-0.02565794600960694
21398	CSARVGDTGELFF	TRBV20-1*01	TRBJ2-2*01	-0.02565794600960694
21408	CAFMQFDMRF	TRAV38-1*01	TRAJ43*01	0.03391846248989106
21408	CASTPGGYEQYF	TRBV2*01	TRBJ2-7*01	0.03391846248989106
21438	CASSPGVGTEAFF	TRBV6-2*01	TRBJ1-1*01	-0.022218533523990745
21438	CATDRGTDKLIF	TRAV17*01	TRAJ34*01	-0.022218533523990745
21439	CASSPGASYEQYF	TRBV4-1*01	TRBJ2-7*01	0.047978179102776485
21439	CAEGDTGRRALTF	TRAV5*01	TRAJ5*01	0.047978179102776485
21440	CASSLPLGYEQYF	TRBV6-1*01	TRBJ2-7*01	0.06583107820968578
21440	CAGMDSNYQLIW	TRAV8-3*01	TRAJ33*01	0.06583107820968578
21441	CASSQDSHSTSTDTQYF	TRBV3-1*01	TRBJ2-3*01	0.07401280281715064
21441	CALQGWVRGADGLTF	TRAV38-1*01	TRAJ45*01	0.07401280281715064
21443	CASSLLPEGTGRVSGYTF	TRBV13*01	TRBJ1-2*01	-0.08141645292173921
21443	CAVATDSWGKLQF	TRAV21*01	TRAJ24*01	-0.08141645292173921
21446	CALEVRSSASKIIF	TRAV19*01	TRAJ3*01	0.09226190476190477
21446	CSANPRTTLYEQYF	TRBV20-1*01	TRBJ2-7*01	0.09226190476190477
21447	CATSSEDSSNQPQHF	TRBV15*01	TRBJ1-5*01	0.06262360271576861
21447	CVVRGMDSSYKLIF	TRAV10*01	TRAJ12*01	0.06262360271576861
21449	CASSLASGSNQPQHF	TRBV7-9*01	TRBJ1-5*01	0.06445961445961446
21449	CALSESYSGAGSYQLTF	TRAV19*01	TRAJ28*01	0.06445961445961446
21450	CILRDTVGSQGNLIF	TRAV26-2*01	TRAJ42*01	0.05911370588789944
21450	CASSESQGDYYGYTF	TRBV7-8*01	TRBJ1-2*01	0.05911370588789944
21451	CASSPHAGGVDEKLFF	TRBV18*01	TRBJ1-4*01	0.039555767210465456
21451	CAVYGGATNKLIF	TRAV1-2*01	TRAJ32*01	0.039555767210465456
21452	CLVGDVEGSQGNLIF	TRAV4*01	TRAJ42*01	0.04306170020455735
21452	CASSHHSGGIYNEQFF	TRBV6-5*01	TRBJ2-1*01	0.04306170020455735
21453	CASSLMGGGNTIYF	TRBV2*01	TRBJ1-3*01	0.11675083047034268
21453	CAANSGNTPLVF	TRAV29/DV5*01	TRAJ29*01	0.11675083047034268
21458	CASSLGRYNEQFF	TRBV13*01	TRBJ2-1*01	0.11856472087974623
21458	CGTETNTGNQFYF	TRAV30*01	TRAJ49*01	0.11856472087974623
21462	CASSYVGNTGELFF	TRBV6-5*01	TRBJ2-2*01	0.06791149230173621
21462	CAVRPTSGGSYIPTF	TRAV21*01	TRAJ6*01	0.06791149230173621
21533	CATDAGPEKLVF	TRAV17*01	TRAJ57*01	-0.004221836546766257
21533	CASRQLAGFYEQYF	TRBV6-6*01	TRBJ2-7*01	-0.004221836546766257
21651	CATSRVKTSGGYEQYF	TRBV15*01	TRBJ2-7*01	0.07735410348313576
21651	CALDMFSGGYNKLIF	TRAV16*01	TRAJ4*01	0.07735410348313576
21663	CAISDPRDSYEQYF	TRBV10-3*01	TRBJ2-7*01	0.05442520442520443
21663	CALSEAGGFGNEKLTF	TRAV19*01	TRAJ48*01	0.05442520442520443
21671	CAILMDSNYQLIW	TRAV21*01	TRAJ33*01	0.06884545060185926
21671	CASSEDGMNTEAFF	TRBV10-2*01	TRBJ1-1*01	0.06884545060185926
21674	CAWSVPLGRREKLFF	TRBV30*01	TRBJ1-4*01	0.02247145191568323
21674	CAYRSAFKLTF	TRAV38-2/DV8*01	TRAJ48*01	0.02247145191568323
21960	CASRPGTASYEQYF	TRBV28*01	TRBJ2-7*01	0.07107583774250442
21960	CAVSDKNRDDKIIF	TRAV8-6*02	TRAJ30*01	0.07107583774250442
21963	CASSVVGDEQYF	TRBV9*01	TRBJ2-7*01	0.04372348082025501
21963	CVAWGGYSSASKIIF	TRAV12-1*01	TRAJ3*01	0.04372348082025501
22486	CVASGGTGKLIF	TRAV12-1*01	TRAJ37*01	0.0681925917220035
22486	CATSEAASSWTGELFF	TRBV24-1*01	TRBJ2-2*01	0.0681925917220035
22560	CVVNGNNNDMRF	TRAV12-1*01	TRAJ43*01	-0.0051998578880299365
22560	CASSQGFGANVLTF	TRBV19*01	TRBJ2-6*01	-0.0051998578880299365
22565	CAVRALGNAGNMLTF	TRAV3*01	TRAJ39*01	0.04057365636313005
22565	CASSPNPQGANMDTQYF	TRBV4-3*01	TRBJ2-3*01	0.04057365636313005
22566	CASSELPAGGTNEQFF	TRBV10-2*01	TRBJ2-1*01	0.006957415141761222
22566	CAVPDDAGNMLTF	TRAV12-2*01	TRAJ39*01	0.006957415141761222
22574	CAARPDSNYQLIW	TRAV8-1*01	TRAJ33*01	0.11505877330379992
22574	CASSQGGDEQFF	TRBV4-2*01	TRBJ2-1*01	0.11505877330379992
22575	CATDDSGGYQKVTF	TRAV17*01	TRAJ13*01	0.08832053818929214
22575	CASSGELRGAEKLFF	TRBV12-3*01	TRBJ1-4*01	0.08832053818929214
22576	CASSYGGEQPQHF	TRBV6-5*01	TRBJ1-5*01	0.004990265382702648
22576	CAAPGNYGQNFVF	TRAV13-1*01	TRAJ26*01	0.004990265382702648
22586	CAVTGNQFYF	TRAV6*01	TRAJ49*01	0.0969237925461945
22586	CSASPGYNEQFF	TRBV20-1*01	TRBJ2-1*01	0.0969237925461945
22625	CAYRSAGSGGSNYKLTF	TRAV38-2/DV8*01	TRAJ53*01	0.056376480662194944
22625	CASSLMTNQPQHF	TRBV27*01	TRBJ1-5*01	0.056376480662194944
22634	CAVNAGNNRKLIW	TRAV1-2*01	TRAJ38*01	0.004859656472559691
22634	CASSLAGTGGRFSYEQYF	TRBV13*01	TRBJ2-7*01	0.004859656472559691
22728	CASSLGDRGRGYGYTF	TRBV5-6*01	TRBJ1-2*01	0.08884288607790913
22728	CAVSWGYGGATNKLIF	TRAV1-2*01	TRAJ32*01	0.08884288607790913
25739	CASSQGTISYEQYF	TRBV14*01	TRBJ2-7*01	0.054483551874856234
25739	CAAADDKIIF	TRAV12-2*01	TRAJ30*01	0.054483551874856234
25965	CASSPTSAPGLFSGNTIYF	TRBV7-2*01	TRBJ1-3*01	0.08897183240798734
25965	CAVRSTFGNEKLTF	TRAV41*01	TRAJ48*01	0.08897183240798734
28804	CASTTYNEQFF	TRBV19*01	TRBJ2-1*01	-0.033378556098770815
28804	CAVEGADGLTF	TRAV36/DV7*01	TRAJ45*01	-0.033378556098770815
28822	CASSLAAGGSYGYTF	TRBV12-3*01	TRBJ1-2*01	-0.008201058201058209
28822	CATDADDKIIF	TRAV17*01	TRAJ30*01	-0.008201058201058209
28890	CSANDRGRGYNSPLHF	TRBV20-1*01	TRBJ1-6*01	0.038270162847533706
28890	CAVRSYNTDKLIF	TRAV41*01	TRAJ34*01	0.038270162847533706
29718	CASSLGPVYEQYF	TRBV5-6*01	TRBJ2-7*01	0.018006556030359784
29718	CALYTGANSKLTF	TRAV19*01	TRAJ56*01	0.018006556030359784
29727	CAASSVATDKLIF	TRAV13-1*01	TRAJ34*01	0.027336860670194005
29727	CASSESRSGNQPQHF	TRBV6-1*01	TRBJ1-5*01	0.027336860670194005
29729	CASSHQAGALYNEQFF	TRBV7-9*01	TRBJ2-1*01	0.053913522744691585
29729	CAFEDSGGSNYKLTF	TRAV38-1*01	TRAJ53*01	0.053913522744691585
29730	CALTGGSTLGRLYF	TRAV19*01	TRAJ18*01	0.06327622994289663
29730	CASSLNSGHTQYF	TRBV27*01	TRBJ2-3*01	0.06327622994289663
29731	CATGTGGNDYEQYF	TRBV15*01	TRBJ2-7*01	0.06555983646003787
29731	CALIQGAQKLVF	TRAV16*01	TRAJ54*01	0.06555983646003787
29732	CATEPRGGYQKVTF	TRAV17*01	TRAJ13*01	0.06462073795397995
29732	CASSNRGYDEQYF	TRBV9*01	TRBJ2-7*01	0.06462073795397995
29734	CAVGRTGTYKYIF	TRAV8-3*01	TRAJ40*01	0.09425751631577053
29734	CASSQYAVRVGDTEAFF	TRBV14*01	TRBJ1-1*01	0.09425751631577053
29737	CASSFGGGLQETQYF	TRBV12-3*01	TRBJ2-5*01	0.059698238269666845
29737	CAVSDEGTGGFKTIF	TRAV8-6*01	TRAJ9*01	0.059698238269666845
29738	CAYRSVDMEYGNKLVF	TRAV38-2/DV8*01	TRAJ47*01	0.02430495430495431
29738	CASSSTRGWADTQYF	TRBV27*01	TRBJ2-3*01	0.02430495430495431
30072	CASSLEAVSIHGYTF	TRBV7-2*01	TRBJ1-2*01	0.031199892118282883
30072	CAAGNYGGSQGNLIF	TRAV29/DV5*01	TRAJ42*01	0.031199892118282883
30076	CASSWVPPGQGRTGELFF	TRBV27*01	TRBJ2-2*01	0.11344080559872205
30076	CALDTYNQGGKLIF	TRAV6*01	TRAJ23*01	0.11344080559872205
30077	CASSKGLAVDYTQYF	TRBV4-2*01	TRBJ2-3*01	0.061561190132618716
30077	CAVTEGPYGGATNKLIF	TRAV8-6*02	TRAJ32*01	0.061561190132618716
30078	CAVQAHDSNYQLIW	TRAV20*01	TRAJ33*01	0.10592848383516185
30078	CASRRTGVVEKLFF	TRBV4-1*01	TRBJ1-4*01	0.10592848383516185
30080	CASSLAGYEQYF	TRBV5-1*01	TRBJ2-7*01	0.011151009569410134
30080	CAVDIRAGNMLTF	TRAV39*01	TRAJ39*01	0.011151009569410134
30088	CASSVSQGYEQFF	TRBV9*01	TRBJ2-1*01	0.03147880925658704
30088	CVVNSLKDSSYKLIF	TRAV12-1*01	TRAJ12*01	0.03147880925658704
30090	CASSLSLGQGAPNYGYTF	TRBV5-4*01	TRBJ1-2*01	0.09124747023906687
30090	CAEIGNNNARLMF	TRAV5*01	TRAJ31*01	0.09124747023906687
30091	CAWSVTPGYNEQFF	TRBV30*01	TRBJ2-1*01	0.10822319056124767
30091	CATRPLGSSNTGKLIF	TRAV17*01	TRAJ37*01	0.10822319056124767
30095	CASSITDRVHAGANVLTF	TRBV19*01	TRBJ2-6*01	0.09561411826930938
30095	CAVSDRSGGGADGLTF	TRAV8-6*01	TRAJ45*01	0.09561411826930938
30112	CASSLYGSRPQHF	TRBV7-9*01	TRBJ1-5*01	0.10972844716696385
30112	CAMSAMGAQKLVF	TRAV12-3*01	TRAJ54*01	0.10972844716696385
30116	CAASSWPSGSARQLTF	TRAV23/DV6*01	TRAJ22*01	-0.020617223376663517
30116	CASSQGETQYF	TRBV4-1*01	TRBJ2-5*01	-0.020617223376663517
30139	CAVERGGADGLTF	TRAV22*01	TRAJ45*01	0.06354201354201355
30139	CASSWREGTDTQYF	TRBV6-5*01	TRBJ2-3*01	0.06354201354201355
30144	CASSIATGLNQPQHF	TRBV19*01	TRBJ1-5*01	0.17220399326167768
30144	CAVRADRGSTLGRLYF	TRAV1-1*01	TRAJ18*01	0.17220399326167768
30154	CASSQGGGVNEQFF	TRBV18*01	TRBJ2-1*01	0.05277583825970923
30154	CALSEGNARLMF	TRAV19*01	TRAJ31*01	0.05277583825970923
30168	CASSLVGYEQYF	TRBV13*01	TRBJ2-7*01	0.09938804581661725
30168	CALRVNNAGNMLTF	TRAV19*01	TRAJ39*01	0.09938804581661725
30231	CAMSDRGSTLGRLYF	TRAV12-3*01	TRAJ18*01	0.03044198047194545
30231	CASSLIRDITYEQYF	TRBV27*01	TRBJ2-7*01	0.03044198047194545
30246	CAINKESDSYEQYF	TRBV28*01	TRBJ2-7*01	0.02028818071001694
30246	CALGSSSGSARQLTF	TRAV17*01	TRAJ22*01	0.02028818071001694
30403	CAVYDSNYQLIW	TRAV1-2*01	TRAJ33*01	0.13248101662081396
30403	CASSEALSGGSETQYF	TRBV6-1*01	TRBJ2-5*01	0.13248101662081396
30755	CAVGAGNQFYF	TRAV8-3*01	TRAJ49*01	0.05313572387852708
30755	CASKHSGTGVLARELFF	TRBV7-9*01	TRBJ2-2*01	0.05313572387852708
30977	CAVDANNDMRF	TRAV39*01	TRAJ43*01	0.034697013414862754
30977	CASSPSYNEQFF	TRBV12-4*01	TRBJ2-1*01	0.034697013414862754
30984	CSASSTHSNQPQHF	TRBV20-1*01	TRBJ1-5*01	0.031826391734225835
30984	CLVPSEQAGTALIF	TRAV4*01	TRAJ15*01	0.031826391734225835
30985	CASSLTGGGYEQYF	TRBV28*01	TRBJ2-7*01	0.038002151018866774
30985	CALNDYKLSF	TRAV9-2*01	TRAJ20*01	0.038002151018866774
30988	CASSIAGNNEQFF	TRBV19*01	TRBJ2-1*01	0.10677232820089963
30988	CAVLVPGNQFYF	TRAV8-4*01	TRAJ49*01	0.10677232820089963
30989	CASSVGGGGSTDTQYF	TRBV9*01	TRBJ2-3*01	0.1048887037750325
30989	CATEDNAGNMLTF	TRAV17*01	TRAJ39*01	0.1048887037750325
30990	CASSIALSTFQPQHF	TRBV19*01	TRBJ1-5*01	-0.03638290810797954
30990	CAYGDDKIIF	TRAV38-2/DV8*01	TRAJ30*01	-0.03638290810797954
30991	CAGGYNNNDMRF	TRAV27*01	TRAJ43*01	0.09547629127425122
30991	CASSLGEPQHF	TRBV6-6*01	TRBJ1-5*01	0.09547629127425122
30993	CAETLNTGFQKLVF	TRAV5*01	TRAJ8*01	0.07633292633292635
30993	CASRTLRGHVSEAFF	TRBV28*01	TRBJ1-1*01	0.07633292633292635
30994	CAVDDFSGGTSYGKLTF	TRAV12-2*01	TRAJ52*01	0.08635544672130037
30994	CASSFPGYGYTF	TRBV28*01	TRBJ1-2*01	0.08635544672130037
30995	CAVSFFNQAGTALIF	TRAV8-4*01	TRAJ15*01	0.08215488215488216
30995	CASSKKGLSNEQFF	TRBV12-4*01	TRBJ2-1*01	0.08215488215488216
30996	CASSLMVNEQYF	TRBV5-6*01	TRBJ2-7*01	0.0687767511375294
30996	CARNSGGYQKVTF	TRAV24*01	TRAJ13*01	0.0687767511375294
30997	CVVRDGGYNKLIF	TRAV8-2*01	TRAJ4*01	0.06707130246980561
30997	CATFTGNTEAFF	TRBV10-3*01	TRBJ1-1*01	0.06707130246980561
31002	CAGPIGTSYDKVIF	TRAV35*01	TRAJ50*01	-0.2637729798858764
31002	CASSSAHYGYTF	TRBV12-4*01	TRBJ1-2*01	-0.2637729798858764
31534	CAVMKDSNYQLIW	TRAV8-1*01	TRAJ33*01	0.10662405050278209
31534	CASSSYRKEKLFF	TRBV19*01	TRBJ1-4*01	0.10662405050278209
31567	CAISESNDGNEQFF	TRBV10-3*01	TRBJ2-1*01	0.06257076257076258
31567	CVVSDRNFNKFYF	TRAV8-2*01	TRAJ21*01	0.06257076257076258
31595	CASSSQSTGTAGVYEQYF	TRBV28*01	TRBJ2-7*01	0.04941431117901707
31595	CIVRSPQGSNYKLTF	TRAV26-1*01	TRAJ53*01	0.04941431117901707
31685	CATDDNYGQNFVF	TRAV17*01	TRAJ26*01	0.11378706509463296
31685	CASSLGGHGQPQHF	TRBV12-3*01	TRBJ1-5*01	0.11378706509463296
31700	CAVRDEYGGSQGNLIF	TRAV1-2*01	TRAJ42*01	0.10752795926109567
31700	CASSFEVRVDTEAFF	TRBV7-9*01	TRBJ1-1*01	0.10752795926109567
31701	CASWGPGTEGAYEQYF	TRBV27*01	TRBJ2-7*01	0.07138392967802765
31701	CATKGGGTSYGKLTF	TRAV17*01	TRAJ52*01	0.07138392967802765
31704	CAGPPRNAGGTSYGKLTF	TRAV35*01	TRAJ52*01	0.06811069588847367
31704	CASATWGDPNQPQHF	TRBV19*01	TRBJ1-5*01	0.06811069588847367
31705	CASSLAGGSLSYEQYF	TRBV12-4*01	TRBJ2-7*01	-0.04507344507344507
31705	CAVEFYF	TRAV1-1*01	TRAJ21*01	-0.04507344507344507
31708	CASSPTSGSRETQYF	TRBV6-2*01	TRBJ2-5*01	0.0713598570741428
31708	CALSLIIYNQGGKLIF	TRAV19*01	TRAJ23*01	0.0713598570741428
31712	CASSPGSLGHRASTDTQYF	TRBV6-2*01	TRBJ2-3*01	0.0985571530730464
31712	CAVSDRGYSTLTF	TRAV8-6*01	TRAJ11*01	0.0985571530730464
31724	CASSPYPRTGGTDTQYF	TRBV27*01	TRBJ2-3*01	0.025941824200927166
31724	CAMREGGSAGNQFYF	TRAV14/DV4*01	TRAJ49*01	0.025941824200927166
31729	CASSDPTGGYETQYF	TRBV12-4*01	TRBJ2-5*01	0.052830838903662955
31729	CAVNNARLMF	TRAV22*01	TRAJ31*01	0.052830838903662955
31732	CASSLRQGEYNEQFF	TRBV9*01	TRBJ2-1*01	0.07856007161562717
31732	CVVSAGGNNRLAF	TRAV10*01	TRAJ7*01	0.07856007161562717
31734	CAADNTDKLIF	TRAV29/DV5*01	TRAJ34*01	0.11394283481951616
31734	CASSTSGETGELFF	TRBV12-4*01	TRBJ2-2*01	0.11394283481951616
31737	CAPDSWGKLQF	TRAV12-3*01	TRAJ24*01	0.049235024235024245
31737	CASSFGASGSVGELFF	TRBV12-3*01	TRBJ2-2*01	0.049235024235024245
31738	CASSIDLSEGDTNQPQHF	TRBV19*01	TRBJ1-5*01	0.04631185807656396
31738	CAFMKHIRWSGNQFYF	TRAV38-1*01	TRAJ49*01	0.04631185807656396
31739	CASRRSLQGARGGYTF	TRBV28*01	TRBJ1-2*01	0.048544973544973544
31739	CAVRMDSSYKLIF	TRAV21*01	TRAJ12*01	0.048544973544973544
31740	CASSVDRGAYNEQFF	TRBV7-2*01	TRBJ2-1*01	0.08430489263822599
31740	CAASYLRISGTYKYIF	TRAV29/DV5*01	TRAJ40*01	0.08430489263822599
31741	CASSSETGWGTEAFF	TRBV5-1*01	TRBJ1-1*01	0.06944744220914603
31741	CAHGDARLMF	TRAV38-2/DV8*01	TRAJ31*01	0.06944744220914603
31744	CAASSSGNTPLVF	TRAV29/DV5*01	TRAJ29*01	0.09047422111938241
31744	CAWSWTDYEQYF	TRBV30*01	TRBJ2-7*01	0.09047422111938241
31745	CAGTSGTYKYIF	TRAV25*01	TRAJ40*01	0.05275742775742776
31745	CATRERQGWVEAFF	TRBV6-1*01	TRBJ1-1*01	0.05275742775742776
31749	CASSPGDPSTDTQYF	TRBV5-1*01	TRBJ2-3*01	0.11116004806480999
31749	CAVRADGDYKLSF	TRAV1-2*01	TRAJ20*01	0.11116004806480999
31751	CASSLFPGQDRGRDQPQHF	TRBV28*01	TRBJ1-5*01	0.09077864764139275
31751	CAYRGNRDDKIIF	TRAV38-2/DV8*01	TRAJ30*01	0.09077864764139275
31753	CVGNAGGTSYGKLTF	TRAV10*01	TRAJ52*01	0.04117549117549118
31753	CASSPTANEKLFF	TRBV19*01	TRBJ1-4*01	0.04117549117549118
31754	CAGARGGSQGNLIF	TRAV27*01	TRAJ42*01	-0.08868971682332435
31754	CASSFAGLNYGYTF	TRBV27*01	TRBJ1-2*01	-0.08868971682332435
31756	CAVGVDTGTASKLTF	TRAV8-3*01	TRAJ44*01	0.06815554178159917
31756	CASSPGTDTQYF	TRBV5-1*01	TRBJ2-3*01	0.06815554178159917
31757	CASSPRSSGGRYNEQFF	TRBV18*01	TRBJ2-1*01	0.057959236530665106
31757	CVVSGYGGSQGNLIF	TRAV8-2*01	TRAJ42*01	0.057959236530665106
31762	CASSSGEGTEAYNEQFF	TRBV7-9*01	TRBJ2-1*01	0.07821954976230958
31762	CALRGGTSYGKLTF	TRAV16*01	TRAJ52*01	0.07821954976230958
31770	CALRQFKAAGNKLTF	TRAV16*01	TRAJ17*01	0.09989398810335892
31770	CASVYLAGTMDTQYF	TRBV2*01	TRBJ2-3*01	0.09989398810335892
31772	CALNPQNAGNMLTF	TRAV19*01	TRAJ39*01	0.0553618148700116
31772	CASSLLGYEQYF	TRBV12-3*01	TRBJ2-7*01	0.0553618148700116
31773	CASSLSGGGHTDTQYF	TRBV7-6*01	TRBJ2-3*01	-0.012064118324645707
31773	CAVRPAANQAGTALIF	TRAV3*01	TRAJ15*01	-0.012064118324645707
31775	CASSPYPSRGSNEQFF	TRBV4-2*01	TRBJ2-1*01	0.08421097737337055
31775	CALRGMTTDSWGKLQF	TRAV6*01	TRAJ24*01	0.08421097737337055
31776	CAMREHSGNTPLVF	TRAV14/DV4*01	TRAJ29*01	0.0801847724924648
31776	CASSYSSRLQYF	TRBV6-2*01	TRBJ2-7*01	0.0801847724924648
31779	CAASIQGTYKYIF	TRAV13-1*01	TRAJ40*01	0.05792988373633535
31779	CASSWTQETQYF	TRBV7-9*01	TRBJ2-5*01	0.05792988373633535
31780	CASSYFPYDLYEQYF	TRBV6-5*01	TRBJ2-7*01	0.03947647979925548
31780	CAATDNNAGGTSYGKLTF	TRAV29/DV5*01	TRAJ52*01	0.03947647979925548
31781	CGADVSGTYKYIF	TRAV34*01	TRAJ40*01	0.10166493575899571
31781	CASRIGTTNEQYF	TRBV12-3*01	TRBJ2-7*01	0.10166493575899571
31782	CAASRAMYSGGGADGLTF	TRAV13-1*01	TRAJ45*01	0.04324194324194325
31782	CASSLEGDPSYEQYF	TRBV13*01	TRBJ2-7*01	0.04324194324194325
31783	CAENMIPGGGADGLTF	TRAV13-2*01	TRAJ45*01	0.026946798720992288
31783	CASSLLSGSSYEQYF	TRBV5-5*01	TRBJ2-7*01	0.026946798720992288
31784	CAESGKAGYALNF	TRAV5*01	TRAJ41*01	0.06166695365413315
31784	CASSVGVSNQPQHF	TRBV6-2*01	TRBJ1-5*01	0.06166695365413315
31785	CAGGRHTGNQFYF	TRAV27*01	TRAJ49*01	0.049549460952607274
31785	CASSDQLLEEWSSYNEQFF	TRBV6-1*01	TRBJ2-1*01	0.049549460952607274
31789	CAVNPGNYGGATNKLIF	TRAV12-2*01	TRAJ32*01	0.08016330871688945
31789	CATGTGGGYGYTF	TRBV25-1*01	TRBJ1-2*01	0.08016330871688945
31790	CSVELSHSYEQYF	TRBV29-1*01	TRBJ2-7*01	0.03355608159955986
31790	CVARPSIYNQGGKLIF	TRAV12-1*01	TRAJ23*01	0.03355608159955986
31799	CATFAASKEQFF	TRBV27*01	TRBJ2-1*01	0.01341991341991342
31799	CVMDSSYKLIF	TRAV12-1*01	TRAJ12*01	0.01341991341991342
31800	CVVSDRGDMRF	TRAV8-2*01	TRAJ43*01	0.031242126480221722
31800	CASSLELAGVDTQYF	TRBV5-1*01	TRBJ2-3*01	0.031242126480221722
31802	CASFDRTQGFSGANVLTF	TRBV5-6*01	TRBJ2-6*01	0.13197357602006
31802	CAVRSGGYNKLIF	TRAV8-4*01	TRAJ4*01	0.13197357602006
31803	CAGPQNTGTASKLTF	TRAV27*01	TRAJ44*01	-0.03152394399965307
31803	CASSAHTSGGKNIQYF	TRBV11-2*01	TRBJ2-4*01	-0.03152394399965307
31808	CATSRDWTGSAETQYF	TRBV15*01	TRBJ2-5*01	0.050693568726355616
31808	CAVKDTDKLIF	TRAV8-1*01	TRAJ34*01	0.050693568726355616
31810	CAYRSGNQFYF	TRAV38-2/DV8*01	TRAJ49*01	0.13290473138190687
31810	CASSLGDVQNTEAFF	TRBV7-9*01	TRBJ1-1*01	0.13290473138190687
31816	CASSIGTGRTHNEQFF	TRBV5-1*01	TRBJ2-1*01	0.019621310062486536
31816	CVVRHTPLVF	TRAV8-2*01	TRAJ29*01	0.019621310062486536
31819	CASSLGFNEQYF	TRBV11-1*01	TRBJ2-7*01	0.013501391141909614
31819	CAAASGYGQNFVF	TRAV1-1*01	TRAJ26*01	0.013501391141909614
31820	CASSLDGPSGSPHEQYF	TRBV5-1*01	TRBJ2-7*01	0.07521070453762763
31820	CATAPFYGGATNKLIF	TRAV17*01	TRAJ32*01	0.07521070453762763
31821	CAVDTGGFKTIF	TRAV12-2*01	TRAJ9*01	0.11913763923453166
31821	CASSLGGTSTAETQYF	TRBV7-8*01	TRBJ2-5*01	0.11913763923453166
31822	CASTPGQGASTEAFF	TRBV6-6*01	TRBJ1-1*01	0.057292707292707294
31822	CAYEGYGGSQGNLIF	TRAV38-2/DV8*01	TRAJ42*01	0.057292707292707294
31823	CAADNSGGYQKVTF	TRAV21*01	TRAJ13*01	0.09368673574679345
31823	CSVEIGWGQGDNGDYGYTF	TRBV29-1*01	TRBJ1-2*01	0.09368673574679345
31827	CASSPQNSYNEQFF	TRBV7-9*01	TRBJ2-1*01	0.05678765678765679
31827	CVVNMLKTSYDKVIF	TRAV12-1*01	TRAJ50*01	0.05678765678765679
31828	CAESTSGSARQLTF	TRAV5*01	TRAJ22*01	0.07380274624589458
31828	CASSPPGTPPNYGYTF	TRBV7-9*01	TRBJ1-2*01	0.07380274624589458
31829	CASSLGRTGANTGELFF	TRBV11-2*01	TRBJ2-2*01	0.07815046505522698
31829	CAFIKNRDDKIIF	TRAV38-1*01	TRAJ30*01	0.07815046505522698
31832	CAMSQTQGGSEKLVF	TRAV14/DV4*01	TRAJ57*01	0.032529100766778174
31832	CATSSMGYSNQPQHF	TRBV15*01	TRBJ1-5*01	0.032529100766778174
31833	CASSAYNEQFF	TRBV27*01	TRBJ2-1*01	0.01837169059984785
31833	CATGSGYALNF	TRAV17*01	TRAJ41*01	0.01837169059984785
31835	CAWDSYNQPQHF	TRBV30*01	TRBJ1-5*01	0.02561481728148395
31835	CAVQARGSYIPTF	TRAV20*01	TRAJ6*01	0.02561481728148395
31836	CAVRDTGNAGNMLTF	TRAV1-2*01	TRAJ39*01	0.03561985259351211
31836	CASSLLAVDNEQFF	TRBV5-1*01	TRBJ2-1*01	0.03561985259351211
31839	CVGSNNARLMF	TRAV12-1*01	TRAJ31*01	-0.03792081546393054
31839	CSVEDPDRDGYTF	TRBV29-1*01	TRBJ1-2*01	-0.03792081546393054
31840	CVVPTPQSGGSYIPTF	TRAV12-1*01	TRAJ6*01	0.07560649227315895
31840	CASSLSYNSPLHF	TRBV7-6*01	TRBJ1-6*01	0.07560649227315895
31841	CAYRGENQAGTALIF	TRAV38-2/DV8*01	TRAJ15*01	0.04944794778118977
31841	CASSEFGTFQETQYF	TRBV2*01	TRBJ2-5*01	0.04944794778118977
31843	CAAFSGFGNEKLTF	TRAV13-1*01	TRAJ48*01	0.03471029577586955
31843	CASSLGGEQYF	TRBV27*01	TRBJ2-7*01	0.03471029577586955
31844	CASSIQNTGELFF	TRBV19*01	TRBJ2-2*01	-0.1402607369822011
31844	CAAGDRGSTLGRLYF	TRAV13-1*01	TRAJ18*01	-0.1402607369822011
31845	CAALNNARLMF	TRAV13-1*01	TRAJ31*01	0.058521922288161325
31845	CSLSGGQHNEQFF	TRBV29-1*01	TRBJ2-1*01	0.058521922288161325
31846	CAARGNTDKLIF	TRAV23/DV6*01	TRAJ34*01	0.0713713428535192
31846	CSARTGGDGYTF	TRBV20-1*01	TRBJ1-2*01	0.0713713428535192
31847	CAASAGKFYF	TRAV29/DV5*01	TRAJ21*01	0.03304172679172679
31847	CASSSGRAGITDTQYF	TRBV11-2*01	TRBJ2-3*01	0.03304172679172679
31848	CASSQGSRPEQYF	TRBV4-2*01	TRBJ2-7*01	0.058984533984533995
31848	CAASANGNQFYF	TRAV29/DV5*01	TRAJ49*01	0.058984533984533995
31849	CASSQAGTGFYGYTF	TRBV4-1*01	TRBJ1-2*01	0.1138107137860382
31849	CAASAPEYGNKLVF	TRAV29/DV5*01	TRAJ47*01	0.1138107137860382
31850	CAASDNGNQFYF	TRAV29/DV5*01	TRAJ49*01	0.06752140356036461
31850	CASSQEIGVYGYTF	TRBV14*01	TRBJ1-2*01	0.06752140356036461
31851	CASSENEQFF	TRBV12-3*01	TRBJ2-1*01	-0.024603174603174606
31851	CAASEVPTYKYIF	TRAV29/DV5*01	TRAJ40*01	-0.024603174603174606
31854	CASSLAGQENQPQHF	TRBV27*01	TRBJ1-5*01	0.10791821783622876
31854	CAASSTGAGSYQLTF	TRAV29/DV5*01	TRAJ28*01	0.10791821783622876
31855	CAASVGTYKYIF	TRAV29/DV5*01	TRAJ40*01	0.13815500032479808
31855	CASSRTGSSYNEQFF	TRBV27*01	TRBJ2-1*01	0.13815500032479808
31856	CASSVSQKLFF	TRBV2*01	TRBJ1-4*01	0.07155630430537034
31856	CAASVGTYKYIF	TRAV29/DV5*01	TRAJ40*01	0.07155630430537034
31857	CASSQEAREVVYEQYF	TRBV4-2*01	TRBJ2-7*01	-0.03897000435461974
31857	CAASYYLPWLDAGNMLTF	TRAV23/DV6*01	TRAJ39*01	-0.03897000435461974
31858	CASSQDHPGGYEQYF	TRBV4-3*01	TRBJ2-7*01	0.07136288869007763
31858	CAATMNRDDKIIF	TRAV36/DV7*01	TRAJ30*01	0.07136288869007763
31861	CAFMGNNDMRF	TRAV38-1*01	TRAJ43*01	0.013888888888888892
31861	CAISEEVSGGVGANEQFF	TRBV10-3*01	TRBJ2-1*01	0.013888888888888892
31862	CASSLASTGLTQETQYF	TRBV7-9*01	TRBJ2-5*01	0.04811228657382504
31862	CAFMKLWGRGNEKLTF	TRAV38-1*01	TRAJ48*01	0.04811228657382504
31863	CASTLGTEAFF	TRBV19*01	TRBJ1-1*01	-0.004149603391299758
31863	CAFMTLSLTGGFKTIF	TRAV38-1*01	TRAJ9*01	-0.004149603391299758
31865	CASRGEGSYEQYF	TRBV7-2*01	TRBJ2-7*01	0.0804020054020054
31865	CAGDSSYKLIF	TRAV22*01	TRAJ12*01	0.0804020054020054
31867	CAGGMNTGFQKLVF	TRAV25*01	TRAJ8*01	0.14769808701520648
31867	CASSFGGRSTDTQYF	TRBV5-1*01	TRBJ2-3*01	0.14769808701520648
31868	CASSLDLGVDYGYTF	TRBV7-6*01	TRBJ1-2*01	0.03896936396936397
31868	CAGHDISNSGYALNF	TRAV35*01	TRAJ41*01	0.03896936396936397
31869	CASSQDPPDTQYF	TRBV3-1*01	TRBJ2-3*01	0.05360864884674409
31869	CAGPPDNNLFF	TRAV27*01	TRAJ36*01	0.05360864884674409
31871	CASSQGWGTQPQHF	TRBV3-1*01	TRBJ1-5*01	0.09665598333587533
31871	CAGRDNYGQNFVF	TRAV25*01	TRAJ26*01	0.09665598333587533
31872	CAGRGTSYGKLTF	TRAV25*01	TRAJ52*01	0.05552782145058761
31872	CASFGGTGELFF	TRBV25-1*01	TRBJ2-2*01	0.05552782145058761
31873	CAGRTGNQFYF	TRAV29/DV5*01	TRAJ49*01	0.03505243794256589
31873	CASSLVPTADVLTF	TRBV12-4*01	TRBJ2-6*01	0.03505243794256589
31874	CSGLLAGTDTQYF	TRBV29-1*01	TRBJ2-3*01	0.04490509490509491
31874	CAGSPGDNYGQNFVF	TRAV27*01	TRAJ26*01	0.04490509490509491
31875	CAGSPLRDGGGSNYKLTF	TRAV27*01	TRAJ53*01	-0.06555278442388332
31875	CASSLDRNTEAFF	TRBV28*01	TRBJ1-1*01	-0.06555278442388332
31877	CASSLYSPAHTEAFF	TRBV27*01	TRBJ1-1*01	0.07005402005402006
31877	CAGVVNNAGNMLTF	TRAV27*01	TRAJ39*01	0.07005402005402006
31878	CASSTYRQGYNEQFF	TRBV12-4*01	TRBJ2-1*01	0.09815299669301518
31878	CAIDSGGGADGLTF	TRAV21*01	TRAJ45*01	0.09815299669301518
31879	CALDAGGTSYGKLTF	TRAV6*01	TRAJ52*01	0.07635277484378886
31879	CASSIGATEAFF	TRBV19*01	TRBJ1-1*01	0.07635277484378886
31881	CASSLPGQMIRWDTEAFF	TRBV12-3*01	TRBJ1-1*01	0.06586756691798709
31881	CALRGLSGSARQLTF	TRAV18*01	TRAJ22*01	0.06586756691798709
31883	CASSSSDPPGNQPQHF	TRBV7-9*01	TRBJ1-5*01	0.058531164176325465
31883	CALSEAGGSTLGRLYF	TRAV19*01	TRAJ18*01	0.058531164176325465
31886	CASTVFQGSTNEQFF	TRBV27*01	TRBJ2-1*01	0.04383536868008918
31886	CALSGGGSYIPTF	TRAV19*01	TRAJ6*01	0.04383536868008918
31887	CALSGWGDSGGSNYKLTF	TRAV16*01	TRAJ53*01	0.06740429617413744
31887	CASSVSGPPTGELFF	TRBV9*01	TRBJ2-2*01	0.06740429617413744
31889	CATSREGAGTEAFF	TRBV15*01	TRBJ1-1*01	0.034444444444444444
31889	CALSVRVGSGYSTLTF	TRAV19*01	TRAJ11*01	0.034444444444444444
31891	CAMAFDTGGGADGLTF	TRAV17*01	TRAJ45*01	-0.05405168308394116
31891	CASSAFVETQYF	TRBV28*01	TRBJ2-5*01	-0.05405168308394116
31892	CASSSVAFDSGNTIYF	TRBV5-1*01	TRBJ1-3*01	0.1007500519816392
31892	CAMGTSYDKVIF	TRAV14/DV4*01	TRAJ50*01	0.1007500519816392
31894	CASSGTGVTGELFF	TRBV9*01	TRBJ2-2*01	0.053892668178382466
31894	CAMLSDSSYKLIF	TRAV14/DV4*01	TRAJ12*01	0.053892668178382466
31896	CAMREGSGSYQLTF	TRAV14/DV4*01	TRAJ28*01	0.08886547761228068
31896	CASSIGRSPQHF	TRBV19*01	TRBJ1-5*01	0.08886547761228068
31898	CASSLGGHGNEQFF	TRBV7-6*01	TRBJ2-1*01	0.0848490174699852
31898	CAMREVNDYKLSF	TRAV14/DV4*01	TRAJ20*01	0.0848490174699852
31899	CAMREVSGGSYIPTF	TRAV14/DV4*01	TRAJ6*01	0.016703525153605063
31899	CASTLSTDRGFTGELFF	TRBV19*01	TRBJ2-2*01	0.016703525153605063
31900	CAMRGFYTGTASKLTF	TRAV14/DV4*01	TRAJ44*01	0.03928478928478929
31900	CASSQVGDEQFF	TRBV3-1*01	TRBJ2-1*01	0.03928478928478929
31901	CAMSASRTDKLIF	TRAV12-3*01	TRAJ34*01	0.004809012126085298
31901	CASSVTEMGGTEAFF	TRBV9*01	TRBJ1-1*01	0.004809012126085298
31902	CAPLDSNYQLIW	TRAV1-2*01	TRAJ33*01	0.12667190296887818
31902	CASSVGADEYYEQYF	TRBV9*01	TRBJ2-7*01	0.12667190296887818
31906	CATDASRDDKIIF	TRAV17*01	TRAJ30*01	0.1211929302429603
31906	CASSQGWDEQFF	TRBV4-2*01	TRBJ2-1*01	0.1211929302429603
31910	CAVCVRNTGFQKLVF	TRAV20*01	TRAJ8*01	0.07253361930781285
31910	CASSVGMTDYNEQFF	TRBV19*01	TRBJ2-1*01	0.07253361930781285
31915	CAVGEGGNKLVF	TRAV8-3*01	TRAJ47*01	-0.011646232555323467
31915	CASSLRGTGAYGYTF	TRBV13*01	TRBJ1-2*01	-0.011646232555323467
31916	CAVKLKGAQKLVF	TRAV21*01	TRAJ54*01	0.08275613275613276
31916	CASSEVRGPSYNEQFF	TRBV2*01	TRBJ2-1*01	0.08275613275613276
31921	CAVNGNTGKLIF	TRAV8-1*01	TRAJ37*01	0.052164854857031207
31921	CASSPEGLDNFF	TRBV5-1*01	TRBJ2-1*01	0.052164854857031207
31922	CASSIYGTSGSNEQFF	TRBV19*01	TRBJ2-1*01	0.13140825859628796
31922	CAVNMFSGGYNKLIF	TRAV12-2*01	TRAJ4*01	0.13140825859628796
31924	CATSEIQGFSTDTQYF	TRBV24-1*01	TRBJ2-3*01	-0.08053459422080844
31924	CAVNPGDLMDSNYQLIW	TRAV12-2*01	TRAJ33*01	-0.08053459422080844
31927	CAVQEEGVGGGSYIPTF	TRAV20*01	TRAJ6*01	-0.01088526578722657
31927	CSVEQRDTGELFF	TRBV29-1*01	TRBJ2-2*01	-0.01088526578722657
31928	CASSLGSGQYQETQYF	TRBV12-3*01	TRBJ2-5*01	0.05964405964405964
31928	CAVRASRMDSSYKLIF	TRAV3*01	TRAJ12*01	0.05964405964405964
31929	CSARDLVGLAGDTDTQYF	TRBV20-1*01	TRBJ2-3*01	0.08263006386472034
31929	CAVRDFSGNTPLVF	TRAV3*01	TRAJ29*01	0.08263006386472034
31930	CASSSLSEAFF	TRBV27*01	TRBJ1-1*01	0.037851037851037855
31930	CAVRDQDSNSGYALNF	TRAV1-2*01	TRAJ41*01	0.037851037851037855
31933	CAVRSLSNFGNEKLTF	TRAV41*01	TRAJ48*01	0.0904556869994658
31933	CASSFLSAGGGTDTQYF	TRBV27*01	TRBJ2-3*01	0.0904556869994658
31935	CASALGAVDTQYF	TRBV6-5*01	TRBJ2-3*01	0.06087584431044808
31935	CAVSGGSYIPTF	TRAV8-6*01	TRAJ6*01	0.06087584431044808
31936	CAVSGMNTGFQKLVF	TRAV12-2*01	TRAJ8*01	0.05519375027178149
31936	CASSLFPGQGSDDEQFF	TRBV14*01	TRBJ2-1*01	0.05519375027178149
31937	CAVSKGTSGTYKYIF	TRAV8-4*01	TRAJ40*01	-0.02680538267945403
31937	CASSQASNQPQHF	TRBV4-1*01	TRBJ1-5*01	-0.02680538267945403
31938	CAVWLISNFGNEKLTF	TRAV20*01	TRAJ48*01	0.10259416083148801
31938	CASSQVGTGVHEQFF	TRBV4-2*01	TRBJ2-1*01	0.10259416083148801
31946	CILRDDGGTSYGKLTF	TRAV26-2*01	TRAJ52*01	0.07417175417175417
31946	CASSLLPGNTGELFF	TRBV13*01	TRBJ2-2*01	0.07417175417175417
31948	CASTGGPEGNQPQHF	TRBV7-9*01	TRBJ1-5*01	0.05651808508951366
31948	CLLIYGGSQGNLIF	TRAV40*01	TRAJ42*01	0.05651808508951366
31950	CVSPGYTNAGKSTF	TRAV8-2*01	TRAJ27*01	-0.0005163921638616474
31950	CASILRAESSYNEQFF	TRBV5-6*01	TRBJ2-1*01	-0.0005163921638616474
31954	CVVSDQYNFNKFYF	TRAV8-2*01	TRAJ21*01	0.11234824555128192
31954	CASSLGTGGTEAFF	TRBV7-3*01	TRBJ1-1*01	0.11234824555128192
31955	CSVVRGSYNEQFF	TRBV20-1*01	TRBJ2-1*01	0.09574163775294917
31955	CAEEGGGADGLTF	TRAV13-2*01	TRAJ45*01	0.09574163775294917
31956	CASSYRVGRSSYEQYF	TRBV6-5*01	TRBJ2-7*01	-0.023810512854788454
31956	CALHGSSNTGKLIF	TRAV6*01	TRAJ37*01	-0.023810512854788454
31959	CASSLYSGSFYEQYF	TRBV27*01	TRBJ2-7*01	0.029252697560438787
31959	CAVHSINAGNNRKLIW	TRAV20*01	TRAJ38*01	0.029252697560438787
31963	CASSEWTGNTEAFF	TRBV5-1*01	TRBJ1-1*01	0.12167397890366513
31963	CAVRGVTGGGNKLTF	TRAV1-2*01	TRAJ10*01	0.12167397890366513
31965	CASSQDRAGWIDEQFF	TRBV4-3*01	TRBJ2-1*01	0.047141747141747146
31965	CLVGVPMDSNYQLIW	TRAV4*01	TRAJ33*01	0.047141747141747146
31966	CVVSPNSGYALNF	TRAV10*01	TRAJ41*01	0.09772071822734699
31966	CASSPERGEETQYF	TRBV11-2*01	TRBJ2-5*01	0.09772071822734699
31967	CASSPPRLGAFF	TRBV2*01	TRBJ1-1*01	-0.11245693430210132
31967	CAGEGSSNTGKLIF	TRAV27*01	TRAJ37*01	-0.11245693430210132
31968	CASSPRTDQETQYF	TRBV6-2*01	TRBJ2-5*01	0.06489944505817523
31968	CAMKRGTGGFKTIF	TRAV12-3*01	TRAJ9*01	0.06489944505817523
31969	CAMREGRGDYKLSF	TRAV14/DV4*01	TRAJ20*01	0.04983719983719984
31969	CASSLDLTETQYF	TRBV7-6*01	TRBJ2-5*01	0.04983719983719984
31970	CAMRKTNDMRF	TRAV14/DV4*01	TRAJ43*01	0.04025974025974026
31970	CASSLGTSGRAGETQYF	TRBV7-3*01	TRBJ2-5*01	0.04025974025974026
31971	CASSYLTGADGYTF	TRBV6-2*01	TRBJ1-2*01	0.07031584956962426
31971	CATDARGTSYGKLTF	TRAV17*01	TRAJ52*01	0.07031584956962426
31972	CASSLDNQPQHF	TRBV7-9*01	TRBJ1-5*01	-0.01844595774793116
31972	CAVQESMDSNYQLIW	TRAV20*01	TRAJ33*01	-0.01844595774793116
31973	CAYRSAPAGAQKLVF	TRAV38-2/DV8*01	TRAJ54*01	0.08141425288861187
31973	CASSALTGPNTEAFF	TRBV25-1*01	TRBJ1-1*01	0.08141425288861187
31975	CAARGDNNDMRF	TRAV29/DV5*01	TRAJ43*01	0.041128730104065696
31975	CSVDQGSGELFF	TRBV29-1*01	TRBJ2-2*01	0.041128730104065696
31978	CASSQDSSETQYF	TRBV3-1*01	TRBJ2-5*01	-0.012946690515499827
31978	CAAYRLSGAGSYQLTF	TRAV21*01	TRAJ28*01	-0.012946690515499827
31979	CAESILFSGGYNKLIF	TRAV5*01	TRAJ4*01	0.06461931139350494
31979	CASSIETGTEITGELFF	TRBV19*01	TRBJ2-2*01	0.06461931139350494
31980	CASSRVGSPLHF	TRBV6-1*01	TRBJ1-6*01	0.004504273857402166
31980	CAETNNNNDMRF	TRAV13-2*01	TRAJ43*01	0.004504273857402166
31981	CASSLARIYTYNEQFF	TRBV7-8*01	TRBJ2-1*01	-0.02873428640082519
31981	CAGHATTSGTYKYIF	TRAV27*01	TRAJ40*01	-0.02873428640082519
31982	CAISERDFQETQYF	TRBV10-3*01	TRBJ2-5*01	0.053550616050616055
31982	CAGLGTGRRALTF	TRAV3*01	TRAJ5*01	0.053550616050616055
31985	CASLDRVGGYTF	TRBV5-6*01	TRBJ1-2*01	0.1054421768707483
31985	CAGQLVTDKLIF	TRAV35*01	TRAJ34*01	0.1054421768707483
31986	CASSTYRGQPQHF	TRBV28*01	TRBJ1-5*01	-0.018878649076080327
31986	CAMREASASGGSYIPTF	TRAV14/DV4*01	TRAJ6*01	-0.018878649076080327
31987	CAMRGRSGSARQLTF	TRAV14/DV4*01	TRAJ22*01	0.049579124579124584
31987	CASRDTSGGPDTQYF	TRBV2*01	TRBJ2-3*01	0.049579124579124584
31989	CASSLGTSGSTDTQYF	TRBV28*01	TRBJ2-3*01	0.08158696142567111
31989	CAMSTFNYGQNFVF	TRAV12-3*01	TRAJ26*01	0.08158696142567111
31991	CATDTGFQKLVF	TRAV17*01	TRAJ8*01	0.09194210696194344
31991	CASSLPGWEQYF	TRBV28*01	TRBJ2-7*01	0.09194210696194344
31993	CASRSTGYLEQYF	TRBV27*01	TRBJ2-7*01	0.07570393698442479
31993	CAVKSNAGGTSYGKLTF	TRAV39*01	TRAJ52*01	0.07570393698442479
32000	CASSYDRGFYNEQFF	TRBV6-6*01	TRBJ2-1*01	0.013200071533404875
32000	CIVRVTGYGQNFVF	TRAV26-1*01	TRAJ26*01	0.013200071533404875
32001	CASSPSGLAGYNEQFF	TRBV28*01	TRBJ2-1*01	0.06060447489018918
32001	CALSVSNFGNEKLTF	TRAV19*01	TRAJ48*01	0.06060447489018918
32002	CAPEGGNTGKLIF	TRAV5*01	TRAJ37*01	-0.015552077618330454
32002	CASSLHLMNTEAFF	TRBV5-6*01	TRBJ1-1*01	-0.015552077618330454
32005	CAGFLNYGGSQGNLIF	TRAV27*01	TRAJ42*01	0.024370768120768122
32005	CASSQVVTDNEQFF	TRBV4-3*01	TRBJ2-1*01	0.024370768120768122
32006	CASSEALAGSTDTQYF	TRBV2*01	TRBJ2-3*01	0.11940627898333427
32006	CAVRGSGTYKYIF	TRAV12-2*01	TRAJ40*01	0.11940627898333427
32008	CAGDSGGSNYKLTF	TRAV25*01	TRAJ53*01	0.10018549465554075
32008	CASSPRPGPNQPQHF	TRBV7-6*01	TRBJ1-5*01	0.10018549465554075
32015	CAVRIQGAQKLVF	TRAV8-6*01	TRAJ54*01	0.2054559075793117
32015	CAIRDNNEQFF	TRBV10-3*01	TRBJ2-1*01	0.2054559075793117
32017	CAAPSWVYGNKLVF	TRAV13-1*01	TRAJ47*01	0.09444618337987512
32017	CASSEAFSGNTIYF	TRBV6-1*01	TRBJ1-3*01	0.09444618337987512
32019	CASSLENTGELFF	TRBV5-1*01	TRBJ2-2*01	-0.11586466695187803
32019	CAASEGSGDMRF	TRAV29/DV5*01	TRAJ43*01	-0.11586466695187803
32021	CASSVVSGGHQPQHF	TRBV19*01	TRBJ1-5*01	0.05387975120117978
32021	CAASTGTASKLTF	TRAV23/DV6*01	TRAJ44*01	0.05387975120117978
32023	CAEALRGNQGGKLIF	TRAV13-2*01	TRAJ23*01	0.0696143740551064
32023	CASSLAQYYQPQHF	TRBV28*01	TRBJ1-5*01	0.0696143740551064
32024	CAETPGSQGNLIF	TRAV5*01	TRAJ42*01	0.05952559409504988
32024	CASSTSLLAQHF	TRBV7-9*01	TRBJ1-5*01	0.05952559409504988
32025	CAFKGTYKYIF	TRAV38-1*01	TRAJ40*01	0.05873003442869492
32025	CASSIDRWTQGNQPQHF	TRBV19*01	TRBJ1-5*01	0.05873003442869492
32028	CSARYRDTGELFF	TRBV20-1*01	TRBJ2-2*01	0.030941280941280944
32028	CAGREAGNMLTF	TRAV27*01	TRAJ39*01	0.030941280941280944
32029	CASSLNWREITDTQYF	TRBV7-8*01	TRBJ2-3*01	0.05810950863331239
32029	CAGYSGYSTLTF	TRAV25*01	TRAJ11*01	0.05810950863331239
32030	CASSQVRQGLNQPQHF	TRBV14*01	TRBJ1-5*01	0.06594516594516595
32030	CALRGVYNQGGKLIF	TRAV19*01	TRAJ23*01	0.06594516594516595
32031	CALSEAEGQNFVF	TRAV19*01	TRAJ26*01	0.07032693807412202
32031	CASSQDPETGRTDTQYF	TRBV4-1*01	TRBJ2-3*01	0.07032693807412202
32032	CALSESTAGGADGLTF	TRAV19*01	TRAJ45*01	0.05874618626853442
32032	CASRGLGSGGYEQYF	TRBV7-8*01	TRBJ2-7*01	0.05874618626853442
32033	CSARLRDKDYEQYF	TRBV20-1*01	TRBJ2-7*01	-0.0777611228850243
32033	CAMRGSVSSFYNQGGKLIF	TRAV14/DV4*01	TRAJ23*01	-0.0777611228850243
32034	CASSLALTFSGEGSPLHF	TRBV7-2*01	TRBJ1-6*01	0.03682917611489041
32034	CAPEPDSSYKLIF	TRAV24*01	TRAJ12*01	0.03682917611489041
32035	CASIAYSNQPQHF	TRBV28*01	TRBJ1-5*01	-0.03325549350092261
32035	CARVEGGYQKVTF	TRAV36/DV7*01	TRAJ13*01	-0.03325549350092261
32037	CASTFAHAGDSNEQFF	TRBV27*01	TRBJ2-1*01	0.0
32037	CAVAFAGKLIF	TRAV21*01	TRAJ37*01	0.0
32038	CAVAHNTNAGKSTF	TRAV8-3*01	TRAJ27*01	0.07832573522010589
32038	CASSLTNPRQGAYNEQFF	TRBV27*01	TRBJ2-1*01	0.07832573522010589
32039	CAVAPGYSSASKIIF	TRAV12-2*01	TRAJ3*01	0.02809128701985845
32039	CASSQDAGITYEQYF	TRBV4-2*01	TRBJ2-7*01	0.02809128701985845
32040	CAVEGWNTDKLIF	TRAV36/DV7*01	TRAJ34*01	0.05996873496873497
32040	CSALGAVGAGIHYEQYF	TRBV20-1*01	TRBJ2-7*01	0.05996873496873497
32041	CAVGANQAGTALIF	TRAV2*01	TRAJ15*01	0.05359210681791326
32041	CASSLNNEQFF	TRBV5-1*01	TRBJ2-1*01	0.05359210681791326
32042	CASRTTTGTGSSGNTIYF	TRBV7-9*01	TRBJ1-3*01	0.10604323951166682
32042	CAVGSGAGSYQLTF	TRAV20*01	TRAJ28*01	0.10604323951166682
32043	CAVGWSGGGADGLTF	TRAV8-3*01	TRAJ45*01	0.09823005216450709
32043	CASITRLAGELFF	TRBV13*01	TRBJ2-2*01	0.09823005216450709
32045	CASSSDPSTDTQYF	TRBV27*01	TRBJ2-3*01	0.06919992512327007
32045	CAVLHSGTYKYIF	TRAV21*01	TRAJ40*01	0.06919992512327007
32046	CASSYSTSQGANYEQYF	TRBV6-2*01	TRBJ2-7*01	0.06491879695131728
32046	CAVRDDDTGGFKTIF	TRAV1-2*01	TRAJ9*01	0.06491879695131728
32047	CAVSGGPGTYKYIF	TRAV21*01	TRAJ40*01	0.04380812542577248
32047	CASSPSGRGGNEQFF	TRBV6-5*01	TRBJ2-1*01	0.04380812542577248
32048	CAYRSNRDDKIIF	TRAV38-2/DV8*01	TRAJ30*01	0.10742619244246336
32048	CASSIGDGILLTDTQYF	TRBV19*01	TRBJ2-3*01	0.10742619244246336
32049	CAYYYNTDKLIF	TRAV38-2/DV8*01	TRAJ34*01	0.08781910834289883
32049	CATTFRGYEQYF	TRBV7-9*01	TRBJ2-7*01	0.08781910834289883
32050	CIARDNYGQNFVF	TRAV26-1*01	TRAJ26*01	0.09811683333278018
32050	CASSDRDRGLLRQFF	TRBV4-1*01	TRBJ2-1*01	0.09811683333278018
32051	CSAPPPYNEQFF	TRBV20-1*01	TRBJ2-1*01	0.04733164271625811
32051	CILRGGSSNTGKLIF	TRAV26-2*01	TRAJ37*01	0.04733164271625811
32052	CIVLAVSYGQNFVF	TRAV26-1*01	TRAJ26*01	0.0135459447959448
32052	CSARDQSRATDTQYF	TRBV20-1*01	TRBJ2-3*01	0.0135459447959448
32053	CIVRGNSGNTPLVF	TRAV26-1*01	TRAJ29*01	0.05381596372362017
32053	CASSFSGRVGEKLFF	TRBV11-2*01	TRBJ1-4*01	0.05381596372362017
32054	CLVGDGGSQGNLIF	TRAV4*01	TRAJ42*01	-0.15845592752178597
32054	CASSLVNTGELFF	TRBV7-6*01	TRBJ2-2*01	-0.15845592752178597
32055	CASGPLVGGGLGAYTF	TRBV12-5*01	TRBJ1-2*01	0.11841729736021434
32055	CVVGDSNYQLIW	TRAV12-1*01	TRAJ33*01	0.11841729736021434
32056	CVVNGKAAGNKLTF	TRAV12-1*01	TRAJ17*01	0.12827150376751295
32056	CASSLLGGSYEQYF	TRBV27*01	TRBJ2-7*01	0.12827150376751295
32057	CVVRVDTGFKTIF	TRAV8-2*01	TRAJ9*01	0.013231959450446846
32057	CASSTMGQGISPLHF	TRBV11-2*01	TRBJ1-6*01	0.013231959450446846
32058	CAVGAGTDKLIF	TRAV8-3*01	TRAJ34*01	0.014051878471132456
32058	CASSSYSRYEQYF	TRBV7-9*01	TRBJ2-7*01	0.014051878471132456
32060	CASTHRGPLKRRPLHF	TRBV19*01	TRBJ1-6*01	-0.03884711779448622
32060	CLVGPTRMIYNQGGKLIF	TRAV4*01	TRAJ23*01	-0.03884711779448622
32062	CVVTMDSSYKLIF	TRAV12-1*01	TRAJ12*01	0.042903056539420184
32062	CASSVAGLAGATSTDTQYF	TRBV9*01	TRBJ2-3*01	0.042903056539420184
32064	CAASAEGGGADGLTF	TRAV29/DV5*01	TRAJ45*01	0.15652041403942965
32064	CASSQWTGSNYGYTF	TRBV6-6*01	TRBJ1-2*01	0.15652041403942965
32067	CATSDYGYTF	TRBV24-1*01	TRBJ1-2*01	-0.0548840048840049
32067	CALSDSLYSGGGADGLTF	TRAV19*01	TRAJ45*01	-0.0548840048840049
32069	CASSVGRTLDYGYTF	TRBV9*01	TRBJ1-2*01	-0.1092711798664971
32069	CALSETSYDKVIF	TRAV9-2*01	TRAJ50*01	-0.1092711798664971
32071	CASGFPIYRDKSTDTQYF	TRBV12-5*01	TRBJ2-3*01	0.055488349185828185
32071	CAMRALNAGGTSYGKLTF	TRAV14/DV4*01	TRAJ52*01	0.055488349185828185
32072	CASARGWGPAGGELFF	TRBV6-6*01	TRBJ2-2*01	0.07987448836477087
32072	CAMRGLGGSNYKLTF	TRAV14/DV4*01	TRAJ53*01	0.07987448836477087
32073	CASSGQVESSGNTIYF	TRBV7-8*01	TRBJ1-3*01	0.12028996093512223
32073	CAMSLYNNNDMRF	TRAV12-3*01	TRAJ43*01	0.12028996093512223
32076	CASYNQGGKLIF	TRAV12-3*01	TRAJ23*01	0.12421680768454962
32076	CSVEGSGGTQYF	TRBV29-1*01	TRBJ2-3*01	0.12421680768454962
32077	CASSLGANTGELFF	TRBV5-5*01	TRBJ2-2*01	0.041330354233580044
32077	CAVATDSGGGADGLTF	TRAV20*01	TRAJ45*01	0.041330354233580044
32083	CAYRYGGSQGNLIF	TRAV38-2/DV8*01	TRAJ42*01	0.0479282622139765
32083	CASSLTQGARNTIYF	TRBV7-9*01	TRBJ1-3*01	0.0479282622139765
32084	CAYSPNAGGTSYGKLTF	TRAV38-2/DV8*01	TRAJ52*01	-0.2681320221667912
32084	CASSIGIHGYTF	TRBV19*01	TRBJ1-2*01	-0.2681320221667912
32086	CASSFLAGQRTDTEAFF	TRBV7-6*01	TRBJ1-1*01	-0.09256487671638358
32086	CGTADYGGSQGNLIF	TRAV30*01	TRAJ42*01	-0.09256487671638358
32087	CGTENSSNTGKLIF	TRAV30*01	TRAJ37*01	-0.026390877212559054
32087	CASSLGRGAYEQYF	TRBV13*01	TRBJ2-7*01	-0.026390877212559054
32089	CASSPSAGRGLGYTF	TRBV7-9*01	TRBJ1-2*01	0.048992673992674
32089	CVVNSGSARQLTF	TRAV12-1*01	TRAJ22*01	0.048992673992674
32092	CAGWDQAGTALIF	TRAV12-2*01	TRAJ15*01	0.13090814502104825
32092	CASSLIANQETQYF	TRBV28*01	TRBJ2-5*01	0.13090814502104825
32096	CARGEYGGATNKLIF	TRAV16*01	TRAJ32*01	0.037731848097701755
32096	CASSLVGLGTEAFF	TRBV7-9*01	TRBJ1-1*01	0.037731848097701755
32099	CASSEYGGYTF	TRBV6-1*01	TRBJ1-2*01	0.0042436264042415295
32099	CAVEGNNRLAF	TRAV8-1*01	TRAJ7*01	0.0042436264042415295
32100	CASSSGTSGSADTQYF	TRBV7-3*01	TRBJ2-3*01	0.027768585435124227
32100	CAVGMAQKVTF	TRAV3*01	TRAJ13*01	0.027768585435124227
32103	CASRLPPSSGNTDTQYF	TRBV28*01	TRBJ2-3*01	0.06428314915709875
32103	CAYRTFGTSGTYKYIF	TRAV38-2/DV8*01	TRAJ40*01	0.06428314915709875
32105	CASSDATSGTYLYNEQFF	TRBV9*01	TRBJ2-1*01	0.11606262367668271
32105	CVVSDNFGNEKLTF	TRAV8-2*01	TRAJ48*01	0.11606262367668271
32110	CASSPGESTDTQYF	TRBV7-3*01	TRBJ2-3*01	0.0947240119535187
32110	CAATFTGTASKLTF	TRAV29/DV5*01	TRAJ44*01	0.0947240119535187
32113	CAFTLAPSGTYKYIF	TRAV38-1*01	TRAJ40*01	0.0771184136599405
32113	CASSLGEDSSLKREPLHF	TRBV7-9*01	TRBJ1-6*01	0.0771184136599405
32115	CSARAYTGELFF	TRBV20-1*01	TRBJ2-2*01	0.05074542509850135
32115	CAGGDSSNTGKLIF	TRAV27*01	TRAJ37*01	0.05074542509850135
32117	CASSLRDSSSYEQYF	TRBV4-1*01	TRBJ2-7*01	0.046666741549619445
32117	CALSEAANARLMF	TRAV19*01	TRAJ31*01	0.046666741549619445
32118	CAISESSRGVDGYTF	TRBV10-3*01	TRBJ1-2*01	-0.02568463282748997
32118	CALSEEKVITQGGSEKLVF	TRAV19*01	TRAJ57*01	-0.02568463282748997
32119	CASSEWALPNEQFF	TRBV6-1*01	TRBJ2-1*01	0.05919614496951139
32119	CALSLQGGYQKVTF	TRAV16*01	TRAJ13*01	0.05919614496951139
32120	CASSEQGVVDTQYF	TRBV6-1*01	TRBJ2-3*01	0.06931227374775761
32120	CAMREGLLDSNYQLIW	TRAV14/DV4*01	TRAJ33*01	0.06931227374775761
32121	CASSPPADEALYGYTF	TRBV7-9*01	TRBJ1-2*01	0.12841037269608702
32121	CAMREGPTSYDKVIF	TRAV14/DV4*01	TRAJ50*01	0.12841037269608702
32125	CAVGSSGSARQLTF	TRAV12-2*01	TRAJ22*01	0.030667072861139004
32125	CASSYSQGGSYGYTF	TRBV6-5*01	TRBJ1-2*01	0.030667072861139004
32126	CASSFAQRGHRETQYF	TRBV5-6*01	TRBJ2-5*01	0.036925148446098684
32126	CAVILDSSYKLIF	TRAV8-1*01	TRAJ12*01	0.036925148446098684
32127	CASKVAGFNEQFF	TRBV28*01	TRBJ2-1*01	0.051142226948678565
32127	CAVRDFLTGGGNKLTF	TRAV3*01	TRAJ10*01	0.051142226948678565
32129	CAVSETGGFKTIF	TRAV8-6*01	TRAJ9*01	0.06332008586910548
32129	CASINSPGGEDTGELFF	TRBV19*01	TRBJ2-2*01	0.06332008586910548
32135	CVVSWLGSNYQLIW	TRAV12-1*01	TRAJ33*01	0.054572819735727016
32135	CASLGTPGLAGSSYEQYF	TRBV28*01	TRBJ2-7*01	0.054572819735727016
32138	CAMREYQAGTALIF	TRAV14/DV4*01	TRAJ15*01	-0.004766344574615812
32138	CASTTGDSSNQPQHF	TRBV4-2*01	TRBJ1-5*01	-0.004766344574615812
32140	CASSEKEGTTNTGELFF	TRBV2*01	TRBJ2-2*01	0.007514544279250163
32140	CAVNVERRINNDMRF	TRAV12-2*01	TRAJ43*01	0.007514544279250163
32148	CASSLADLLAEKLFF	TRBV5-5*01	TRBJ1-4*01	0.06663290849180556
32148	CAMREGENARLMF	TRAV14/DV4*01	TRAJ31*01	0.06663290849180556
32150	CATSELSGETQYF	TRBV15*01	TRBJ2-5*01	-0.022349401212229912
32150	CATERDFGNEKLTF	TRAV17*01	TRAJ48*01	-0.022349401212229912
32151	CASSLPDPYEQYF	TRBV5-5*01	TRBJ2-7*01	0.05522795252641156
32151	CAVMAGAQKLVF	TRAV41*01	TRAJ54*01	0.05522795252641156
32156	CASSLGQGDGGYTF	TRBV7-9*01	TRBJ1-2*01	-0.0017861670020861403
32156	CLVARGSARQLTF	TRAV4*01	TRAJ22*01	-0.0017861670020861403
32169	CARMDSNYQLIW	TRAV6*01	TRAJ33*01	0.061164806677525885
32169	CASSQDPGPDTQYF	TRBV4-3*01	TRBJ2-3*01	0.061164806677525885
32170	CASFDNYGQNFVF	TRAV1-2*01	TRAJ26*01	0.09248202127284898
32170	CASSETGTSGDEQYF	TRBV5-4*01	TRBJ2-7*01	0.09248202127284898
32176	CAVSDNNNDMRF	TRAV21*01	TRAJ43*01	0.10949103422794411
32176	CASSLSGGRTKNIQYF	TRBV5-1*01	TRBJ2-4*01	0.10949103422794411
32177	CAYMFSGGYNKLIF	TRAV16*01	TRAJ4*01	0.08599011737813532
32177	CASTIGGDTGELFF	TRBV4-2*01	TRBJ2-2*01	0.08599011737813532
32185	CADDYKLSF	TRAV13-1*01	TRAJ20*01	0.013477975016436557
32185	CASKKTPVGTEAFF	TRBV19*01	TRBJ1-1*01	0.013477975016436557
32188	CAVDGGATNKLIF	TRAV12-2*01	TRAJ32*01	0.09468660409977969
32188	CAWKPTGLGYGYTF	TRBV30*01	TRBJ1-2*01	0.09468660409977969
32189	CAISEFRDDQETQYF	TRBV10-3*01	TRBJ2-5*01	0.07596286016544825
32189	CLVGSYNQGGKLIF	TRAV4*01	TRAJ23*01	0.07596286016544825
32190	CAIPNYGGSQGNLIF	TRAV14/DV4*01	TRAJ42*01	-0.015443353825920866
32190	CASSFWGLAGGYNEQFF	TRBV28*01	TRBJ2-1*01	-0.015443353825920866
32191	CAMRAFMIKAAGNKLTF	TRAV14/DV4*01	TRAJ17*01	0.029573512906846244
32191	CASSPDGLTENTEAFF	TRBV19*01	TRBJ1-1*01	0.029573512906846244
32192	CAVRNNNARLMF	TRAV1-1*01	TRAJ31*01	0.09981334472021786
32192	CASSPRTSGNTYEQYF	TRBV11-2*01	TRBJ2-7*01	0.09981334472021786
32193	CASRELGQETQYF	TRBV19*01	TRBJ2-5*01	0.07008061383061384
32193	CAVRSHGSGGSNYKLTF	TRAV41*01	TRAJ53*01	0.07008061383061384
32196	CASSHEWGSNTGELFF	TRBV3-1*01	TRBJ2-2*01	0.10645405283582501
32196	CAMRLYNFNKFYF	TRAV14/DV4*01	TRAJ21*01	0.10645405283582501
32200	CASSRYRDPPDHEQYF	TRBV4-1*01	TRBJ2-7*01	0.04858237001094144
32200	CAGMRGLTGGGNKLTF	TRAV25*01	TRAJ10*01	0.04858237001094144
32201	CAGPNNNNDMRF	TRAV25*01	TRAJ43*01	0.09963273146724935
32201	CASSLSRANSPLHF	TRBV27*01	TRBJ1-6*01	0.09963273146724935
32203	CASRSGGGSYEQYF	TRBV7-2*01	TRBJ2-7*01	0.0703239068623684
32203	CAVRDTTNWGKLQF	TRAV3*01	TRAJ24*01	0.0703239068623684
32206	CAMREKPGGYQKVTF	TRAV14/DV4*01	TRAJ13*01	-0.003109501403080382
32206	CASSLSRRRSRDDNEQFF	TRBV19*01	TRBJ2-1*01	-0.003109501403080382
32207	CAMRESSNYQLIW	TRAV14/DV4*01	TRAJ33*01	0.09064013648517677
32207	CASTRGQRNGAFF	TRBV2*01	TRBJ1-1*01	0.09064013648517677
32209	CAASSGYALNF	TRAV29/DV5*01	TRAJ41*01	0.04543475043475043
32209	CASSRDRGLGYTF	TRBV5-4*01	TRBJ1-2*01	0.04543475043475043
32211	CALSVAGTASKLTF	TRAV19*01	TRAJ44*01	0.07811001722292046
32211	CASSARDYTGELFF	TRBV7-9*01	TRBJ2-2*01	0.07811001722292046
32213	CASSPGTGGFLSSYEQYF	TRBV7-8*01	TRBJ2-7*01	0.08910850113124041
32213	CAPQYGNKLVF	TRAV27*01	TRAJ47*01	0.08910850113124041
32216	CALSEAERDDKIIF	TRAV19*01	TRAJ30*01	0.11937243679390647
32216	CASSPIELVTYNEQFF	TRBV28*01	TRBJ2-1*01	0.11937243679390647
32217	CAPRGFKTIF	TRAV14/DV4*01	TRAJ9*01	0.09129060357423849
32217	CASSLSVSSYNEQFF	TRBV4-3*01	TRBJ2-1*01	0.09129060357423849
32218	CAPSVAQKLVF	TRAV29/DV5*01	TRAJ54*01	0.02683982683982684
32218	CASSFGLALGDEQFF	TRBV7-9*01	TRBJ2-1*01	0.02683982683982684
32219	CAPTAAGNMLTF	TRAV21*01	TRAJ39*01	0.06896621896621896
32219	CASSVLANTGELFF	TRBV27*01	TRBJ2-2*01	0.06896621896621896
32221	CAVGAQNDYKLSF	TRAV8-3*01	TRAJ20*01	0.11573917550863703
32221	CASSLGQGATNTGELFF	TRBV18*01	TRBJ2-2*01	0.11573917550863703
32223	CASSYSRGQPEAFF	TRBV6-6*01	TRBJ1-1*01	0.022882672882672886
32223	CGARLRNTGTASKLTF	TRAV34*01	TRAJ44*01	0.022882672882672886
32224	CIVRVDHTGGFKTIF	TRAV26-1*01	TRAJ9*01	0.021714894944119746
32224	CASSQVVDWISNTGELFF	TRBV4-3*01	TRBJ2-2*01	0.021714894944119746
32226	CATDSYRGSTLGRLYF	TRAV17*01	TRAJ18*01	0.07751791018444898
32226	CASSAGTSGGASYNEQFF	TRBV7-7*01	TRBJ2-1*01	0.07751791018444898
32227	CAFMTPQGGKLIF	TRAV38-1*01	TRAJ23*01	0.053397594960870404
32227	CAIDETGHGYTF	TRBV7-9*01	TRBJ1-2*01	0.053397594960870404
32228	CAVRDNTGGFKTIF	TRAV1-2*01	TRAJ9*01	0.1292448157525296
32228	CASSERTSGGYTDTQYF	TRBV6-1*01	TRBJ2-3*01	0.1292448157525296
32229	CSAYRVMSHEQYF	TRBV20-1*01	TRBJ2-7*01	0.027282241567955858
32229	CAVRDPVDRGSTLGRLYF	TRAV3*01	TRAJ18*01	0.027282241567955858
32230	CAADSSYKLIF	TRAV12-2*01	TRAJ12*01	0.02775742775742776
32230	CAVPGGSPYEQYF	TRBV2*01	TRBJ2-7*01	0.02775742775742776
32233	CLIFSGNTGKLIF	TRAV4*01	TRAJ37*01	0.06306735592449879
32233	CATSDFGVNTGELFF	TRBV24-1*01	TRBJ2-2*01	0.06306735592449879
32234	CATSEVGSETQYF	TRBV24-1*01	TRBJ2-5*01	0.05570379328212905
32234	CVVRNDYKLSF	TRAV12-1*01	TRAJ20*01	0.05570379328212905
32237	CAGHTGGFKTIF	TRAV2*01	TRAJ9*01	0.07587983420819276
32237	CASSFLGQGDSPLHF	TRBV7-2*01	TRBJ1-6*01	0.07587983420819276
32239	CAMREGRAGNQFYF	TRAV14/DV4*01	TRAJ49*01	0.059880754166468465
32239	CASSYRRTSGRAYHEQFF	TRBV6-2*01	TRBJ2-1*01	0.059880754166468465
32245	CAASPRTALIF	TRAV13-1*01	TRAJ15*01	0.01341991341991342
32245	CASSLTGTVDGYTF	TRBV12-4*01	TRBJ1-2*01	0.01341991341991342
32246	CASSPKAGGPGEQFF	TRBV7-3*01	TRBJ2-1*01	0.1182944591640244
32246	CAASRGGADGLTF	TRAV13-1*01	TRAJ45*01	0.1182944591640244
32250	CALSEAGNYGGSQGNLIF	TRAV19*01	TRAJ42*01	0.05507789535567313
32250	CASRLTRGAGETQYF	TRBV7-8*01	TRBJ2-5*01	0.05507789535567313
32251	CALSEDRTAGNKLTF	TRAV19*01	TRAJ17*01	0.09622922402973554
32251	CSARIAGAKNIQYF	TRBV20-1*01	TRBJ2-4*01	0.09622922402973554
32252	CASSLLAGGKETQYF	TRBV27*01	TRBJ2-5*01	0.0470899470899471
32252	CAMRGGNQFYF	TRAV12-3*01	TRAJ49*01	0.0470899470899471
32257	CASHISTGELFF	TRBV19*01	TRBJ2-2*01	0.016651292844337473
32257	CASDSGYSTLTF	TRAV9-2*01	TRAJ11*01	0.016651292844337473
32272	CAVSEIYNQGGKLIF	TRAV8-4*01	TRAJ23*01	0.06925111925111926
32272	CASSLGTTQETQYF	TRBV27*01	TRBJ2-5*01	0.06925111925111926
32273	CASSPLQGANHDEQYF	TRBV6-2*01	TRBJ2-7*01	0.02487988202273917
32273	CAVTHRAGRRALTF	TRAV8-4*01	TRAJ5*01	0.02487988202273917
32275	CGTETFSNYKLTF	TRAV30*01	TRAJ53*01	0.03933229129424241
32275	CASRIQGRQPQHF	TRBV12-5*01	TRBJ1-5*01	0.03933229129424241
32276	CAAGQDYKLSF	TRAV29/DV5*01	TRAJ20*01	0.011770760527262645
32276	CASSFLGQGAAGELFF	TRBV7-8*01	TRBJ2-2*01	0.011770760527262645
32282	CAVRPSGNQFYF	TRAV21*01	TRAJ49*01	0.061222111222111235
32282	CASRSLSGEQFF	TRBV6-5*01	TRBJ2-1*01	0.061222111222111235
32284	CASSSGTGGQYEQYF	TRBV28*01	TRBJ2-7*01	0.14058956916099774
32284	CAVSGWGGNTPLVF	TRAV8-1*01	TRAJ29*01	0.14058956916099774
32285	CAVTDSNYQLIW	TRAV1-2*01	TRAJ33*01	0.09437380717253592
32285	CSARTSAGVYEQFF	TRBV20-1*01	TRBJ2-1*01	0.09437380717253592
32287	CVVNEGREYGNKLVF	TRAV12-1*01	TRAJ47*01	0.06123142730285588
32287	CASRGGTGLYGYTF	TRBV19*01	TRBJ1-2*01	0.06123142730285588
32294	CALSEVYNQGGKLIF	TRAV19*01	TRAJ23*01	0.10765580297838363
32294	CASSLFGSGGAGETQYF	TRBV5-4*01	TRBJ2-5*01	0.10765580297838363
32296	CASSQDSGWREKLFF	TRBV3-1*01	TRBJ1-4*01	0.0667592480779294
32296	CAMRGLASGGSYIPTF	TRAV14/DV4*01	TRAJ6*01	0.0667592480779294
32303	CSARVEGAGPAQYF	TRBV20-1*01	TRBJ2-5*01	0.08201058201058202
32303	CVVTHTGKLIF	TRAV12-1*01	TRAJ37*01	0.08201058201058202
32304	CASSLGRSTGELFF	TRBV13*01	TRBJ2-2*01	0.08193834384310575
32304	CAALPQGGSEKLVF	TRAV22*01	TRAJ57*01	0.08193834384310575
32310	CASSSRLYNEQFF	TRBV11-2*01	TRBJ2-1*01	0.0753503312914464
32310	CAVRDSAGKSTF	TRAV3*01	TRAJ27*01	0.0753503312914464
32311	CASTSVNTGELFF	TRBV28*01	TRBJ2-2*01	-0.0058907343311156435
32311	CAVSQGAQKLVF	TRAV41*01	TRAJ54*01	-0.0058907343311156435
32312	CASSLVDSARSYEQYF	TRBV11-2*01	TRBJ2-7*01	0.08105955943042882
32312	CAVDRNNNNDMRF	TRAV8-3*01	TRAJ43*01	0.08105955943042882
32314	CSASAGLVGYEQYF	TRBV20-1*01	TRBJ2-7*01	0.054359278277452946
32314	CVVGEGTALIF	TRAV10*01	TRAJ15*01	0.054359278277452946
32315	CVVIGSQGNLIF	TRAV12-1*01	TRAJ42*01	0.025471442138108806
32315	CASSFIGTRAGQYF	TRBV28*01	TRBJ2-4*01	0.025471442138108806
32321	CASSPSDPGELFF	TRBV12-4*01	TRBJ2-2*01	0.05810693935693936
32321	CAERDNAGNMLTF	TRAV5*01	TRAJ39*01	0.05810693935693936
32324	CASSAGVGTGELFF	TRBV10-2*01	TRBJ2-2*01	-0.13206156202491343
32324	CAGEGSQGNLIF	TRAV8-1*01	TRAJ42*01	-0.13206156202491343
32325	CAGQTGANNLFF	TRAV35*01	TRAJ36*01	0.07595713945205405
32325	CATSPTRSTTDTQYF	TRBV15*01	TRBJ2-3*01	0.07595713945205405
32330	CASSQGGRSTDTQYF	TRBV3-1*01	TRBJ2-3*01	0.10172287609929334
32330	CALSDQMDSNYQLIW	TRAV9-2*01	TRAJ33*01	0.10172287609929334
32333	CASLTRFGLYSNQPQHF	TRBV28*01	TRBJ1-5*01	0.04679000548565766
32333	CALSGDAGGTSYGKLTF	TRAV19*01	TRAJ52*01	0.04679000548565766
32338	CAMREAWTGGFKTIF	TRAV14/DV4*01	TRAJ9*01	0.12690230729935126
32338	CASSGQGMGNSPLHF	TRBV6-5*01	TRBJ1-6*01	0.12690230729935126
32341	CASSDRGTGELFF	TRBV27*01	TRBJ2-2*01	0.12445182097002691
32341	CAVDDSGYALNF	TRAV39*01	TRAJ41*01	0.12445182097002691
32348	CAVHSYNTDKLIF	TRAV8-1*01	TRAJ34*01	0.013954299668585392
32348	CSASGTGSYEQYF	TRBV20-1*01	TRBJ2-7*01	0.013954299668585392
32353	CAVNGAGGTSYGKLTF	TRAV21*01	TRAJ52*01	0.13484682006515208
32353	CASSLDRVSYNEQFF	TRBV7-2*01	TRBJ2-1*01	0.13484682006515208
32355	CAVRDRTSGTYKYIF	TRAV3*01	TRAJ40*01	0.10697779918210026
32355	CASSLGEARPQETQYF	TRBV7-2*01	TRBJ2-5*01	0.10697779918210026
32356	CAVRKGDNNARLMF	TRAV21*01	TRAJ31*01	0.06621042266646664
32356	CASSQTAGTGELFF	TRBV4-1*01	TRBJ2-2*01	0.06621042266646664
32358	CAVRSNDYKLSF	TRAV22*01	TRAJ20*01	0.08196273180882588
32358	CATSDSSGSNEQFF	TRBV24-1*01	TRBJ2-1*01	0.08196273180882588
32360	CASTRGQGRDGELFF	TRBV5-5*01	TRBJ2-2*01	0.0669943292067193
32360	CAVSLTGDRLAF	TRAV8-4*01	TRAJ7*01	0.0669943292067193
32364	CCTHNAGGTSYGKLTF	TRAV35*01	TRAJ52*01	0.08622337958143203
32364	CASSYRLGNEQFF	TRBV28*01	TRBJ2-1*01	0.08622337958143203
32366	CILVKEYGNKLVF	TRAV26-2*01	TRAJ47*01	0.0792008146229149
32366	CSASGTLDTEAFF	TRBV20-1*01	TRBJ1-1*01	0.0792008146229149
32369	CASSVSGANYNEQFF	TRBV19*01	TRBJ2-1*01	0.06996574853717712
32369	CVVSTLTTDSWGKLQF	TRAV10*01	TRAJ24*01	0.06996574853717712
32371	CASSYRGGYEQYF	TRBV7-6*01	TRBJ2-7*01	0.06629052402974875
32371	CALSDPLSGNTPLVF	TRAV19*01	TRAJ29*01	0.06629052402974875
32385	CAAPSLRGAQKLVF	TRAV13-1*01	TRAJ54*01	0.057956329384900813
32385	CSARSLAVSTDTQYF	TRBV20-1*01	TRBJ2-3*01	0.057956329384900813
32386	CAIRWTLNNEQFF	TRBV6-2*01	TRBJ2-1*01	-0.015273863050148117
32386	CAARPMNYGGSQGNLIF	TRAV41*01	TRAJ42*01	-0.015273863050148117
32391	CAFIYNNDMRF	TRAV38-1*01	TRAJ43*01	0.07898179115570421
32391	CASGFGHSNSPLHF	TRBV28*01	TRBJ1-6*01	0.07898179115570421
32395	CAGCSNDYKLSF	TRAV5*01	TRAJ20*01	0.05166602403444509
32395	CAAHGGTRTLAKNIQYF	TRBV28*01	TRBJ2-4*01	0.05166602403444509
32398	CASRQTSGTYNEQFF	TRBV4-3*01	TRBJ2-1*01	0.10522855828978278
32398	CAMREVYGGATNKLIF	TRAV14/DV4*01	TRAJ32*01	0.10522855828978278
32403	CASSLSRSQPPNQPQHF	TRBV28*01	TRBJ1-5*01	-0.029761082514894475
32403	CAVARPTPRF	TRAV8-3*01	TRAJ43*01	-0.029761082514894475
32404	CAVDPLSTRVF	TRAV2*01	TRAJ47*01	-0.024603174603174606
32404	CATSDQHGSSEQFF	TRBV24-1*01	TRBJ2-1*01	-0.024603174603174606
32405	CSARDFTYEQYF	TRBV20-1*01	TRBJ2-7*01	0.02997465426085706
32405	CAVGARSGGGADGLTF	TRAV8-3*01	TRAJ45*01	0.02997465426085706
32407	CASSPRDSLYEQYF	TRBV7-9*01	TRBJ2-7*01	0.04552784076593601
32407	CAVGSGYALNF	TRAV21*01	TRAJ41*01	0.04552784076593601
32408	CAVLPYNTDKLIF	TRAV41*01	TRAJ34*01	0.11912312745297642
32408	CASSFWTSGYEQYF	TRBV12-3*01	TRBJ2-7*01	0.11912312745297642
32410	CASSPPLAGGYEQYF	TRBV7-9*01	TRBJ2-7*01	0.12657193082747809
32410	CAVREGGSSNTGKLIF	TRAV3*01	TRAJ37*01	0.12657193082747809
32411	CAVRVLAGSARQLTF	TRAV3*01	TRAJ22*01	-0.010220265640119925
32411	CASSPGRGDSPLHF	TRBV7-9*01	TRBJ1-6*01	-0.010220265640119925
32412	CASSSPVETQYF	TRBV7-9*01	TRBJ2-5*01	0.03725826145180984
32412	CAVSGDGGNMLTF	TRAV8-4*01	TRAJ39*01	0.03725826145180984
32415	CILRDAVGLAGSYQLTF	TRAV26-2*01	TRAJ28*01	0.04440412528647823
32415	CASSHFSGTFPYEQYF	TRBV3-1*01	TRBJ2-7*01	0.04440412528647823
32423	CAETKVRARLMF	TRAV13-2*01	TRAJ31*01	0.01341991341991342
32423	CASSLSNTPGEQFF	TRBV27*01	TRBJ2-1*01	0.01341991341991342
32427	CASSIGFGQGVSTEAFF	TRBV19*01	TRBJ1-1*01	0.046725356809390425
32427	CAFRDPAHGSSNTGKLIF	TRAV38-1*01	TRAJ37*01	0.046725356809390425
32435	CALSEAQNTDKLIF	TRAV19*01	TRAJ34*01	0.016685444674261085
32435	CASSGLAGGPHEQFF	TRBV19*01	TRBJ2-1*01	0.016685444674261085
32439	CASTGSAGGSYGYTF	TRBV5-1*01	TRBJ1-2*01	0.07851465823816055
32439	CAMRHSGGYQKVTF	TRAV14/DV4*01	TRAJ13*01	0.07851465823816055
32442	CSVEAEGTATNEKLFF	TRBV29-1*01	TRBJ1-4*01	-0.04578810769374893
32442	CATDKFRGSQGNLIF	TRAV17*01	TRAJ42*01	-0.04578810769374893
32446	CAVRDITNSYNTDKLIF	TRAV3*01	TRAJ34*01	0.04918408388996626
32446	CSARHLANNEQFF	TRBV20-1*01	TRBJ2-1*01	0.04918408388996626
32450	CAVRDSNTGKLIF	TRAV1-2*01	TRAJ37*01	-0.03961407481147888
32450	CASSLGTGGQFF	TRBV5-6*01	TRBJ2-1*01	-0.03961407481147888
32453	CASSTGSYEQYF	TRBV12-3*01	TRBJ2-7*01	0.021088435374149662
32453	CAVWAGKSTF	TRAV39*01	TRAJ27*01	0.021088435374149662
32455	CASSLLGTEAFF	TRBV7-9*01	TRBJ1-1*01	0.040596699198849735
32455	CSNARLMF	TRAV25*01	TRAJ31*01	0.040596699198849735
32456	CSRWEGANNLFF	TRAV1-2*01	TRAJ36*01	0.07055279589841802
32456	CASSLRGSAGNTIYF	TRBV13*01	TRBJ1-3*01	0.07055279589841802
32460	CSATGLRTSYEQYF	TRBV20-1*01	TRBJ2-7*01	-0.020501103834437172
32460	CAAGGYQKVTF	TRAV12-2*01	TRAJ13*01	-0.020501103834437172
32465	CASSQDSPRAGFSDTQYF	TRBV4-1*01	TRBJ2-3*01	0.05944164767694181
32465	CAESTISGGYNKLIF	TRAV5*01	TRAJ4*01	0.05944164767694181
32468	CAGGLAGSYQLTF	TRAV1-2*01	TRAJ28*01	0.050769919746245985
32468	CASRMGHTDTQYF	TRBV7-8*01	TRBJ2-3*01	0.050769919746245985
32470	CALSGPYNFNKFYF	TRAV19*01	TRAJ21*01	0.08346146505390134
32470	CASSQEASGGKETQYF	TRBV4-1*01	TRBJ2-5*01	0.08346146505390134
32477	CASSTSSSWTQYF	TRBV12-3*01	TRBJ2-5*01	0.006623931623931625
32477	CAVLRRQLTF	TRAV13-1*01	TRAJ22*01	0.006623931623931625
32483	CASSQDSGPQYEQYF	TRBV3-1*01	TRBJ2-7*01	0.03521162879507897
32483	CAVRVNTGGFKTIF	TRAV1-1*01	TRAJ9*01	0.03521162879507897
32494	CASSDRFWEQYF	TRBV2*01	TRBJ2-7*01	0.05790286810694975
32494	CIVRVGNTGNQFYF	TRAV26-1*01	TRAJ49*01	0.05790286810694975
32497	CVVSDWAGNMLTF	TRAV8-2*01	TRAJ39*01	0.026243386243386246
32497	CASSERLDLAGGRNEQFF	TRBV6-1*01	TRBJ2-1*01	0.026243386243386246
32499	CASGDTGRRALTF	TRAV24*01	TRAJ5*01	0.03079508051122719
32499	CASKPGAIEAFF	TRBV12-4*01	TRBJ1-1*01	0.03079508051122719
32500	CAVLEGDDKIIF	TRAV8-1*01	TRAJ30*01	0.08171782733186242
32500	CASRAGGWTLPSNYGYTF	TRBV19*01	TRBJ1-2*01	0.08171782733186242
32501	CASSPGTGSHPYNEQFF	TRBV7-7*01	TRBJ2-1*01	-0.09800843999508903
32501	CAVEVRGSTLGRLYF	TRAV8-3*01	TRAJ18*01	-0.09800843999508903
32502	CAAGGGTSYGKLTF	TRAV13-1*01	TRAJ52*01	0.05027082998835099
32502	CASSLGSGGGETQYF	TRBV7-2*01	TRBJ2-5*01	0.05027082998835099
32505	CASNWFRDNTGELFF	TRBV6-5*01	TRBJ2-2*01	0.11035787458551687
32505	CAVQGAGGTSYGKLTF	TRAV20*01	TRAJ52*01	0.11035787458551687
32511	CASSLLGGRGNTGELFF	TRBV7-8*01	TRBJ2-2*01	0.029630196085657867
32511	CAARGPLDTGNQFYF	TRAV29/DV5*01	TRAJ49*01	0.029630196085657867
32512	CASSQKPGQDHYEQYF	TRBV12-3*01	TRBJ2-7*01	0.09152418543174846
32512	CAASHNFNKFYF	TRAV29/DV5*01	TRAJ21*01	0.09152418543174846
32513	CASSLWTGYNEQFF	TRBV6-5*01	TRBJ2-1*01	0.0871789932164082
32513	CAASNPGGGNKLTF	TRAV13-1*01	TRAJ10*01	0.0871789932164082
32517	CALRRAGGTSYGKLTF	TRAV19*01	TRAJ52*01	0.09496808306332115
32517	CSAEVPGANTGELFF	TRBV20-1*01	TRBJ2-2*01	0.09496808306332115
32518	CSARFSANGEQYF	TRBV20-1*01	TRBJ2-7*01	-0.08224142701873591
32518	CAMRGPTGTASKLTF	TRAV14/DV4*01	TRAJ44*01	-0.08224142701873591
32519	CASSYLGQMDEKLFF	TRBV6-6*01	TRBJ1-4*01	0.05993715279429566
32519	CAMSAISGGSNYKLTF	TRAV12-3*01	TRAJ53*01	0.05993715279429566
32520	CASYWTGPPHGYTF	TRBV28*01	TRBJ1-2*01	-0.18403292593980375
32520	CAMSGYGGSQGNLIF	TRAV12-3*01	TRAJ42*01	-0.18403292593980375
32521	CAVNPSYNTDKLIF	TRAV12-2*01	TRAJ34*01	0.13966348764735861
32521	CASSYSERDTEKLFF	TRBV6-6*01	TRBJ1-4*01	0.13966348764735861
32528	CASSEALSGGAPAETQYF	TRBV2*01	TRBJ2-5*01	0.1232785947987006
32528	CAALSGGGADGLTF	TRAV21*01	TRAJ45*01	0.1232785947987006
32530	CAASNNNDMRF	TRAV29/DV5*01	TRAJ43*01	-0.03520338782627057
32530	CASSLLAGSSYNEQFF	TRBV6-6*01	TRBJ2-1*01	-0.03520338782627057
32533	CASSGREAFF	TRBV18*01	TRBJ1-1*01	0.08672080607564478
32533	CAMSEYYGQNFVF	TRAV12-3*01	TRAJ26*01	0.08672080607564478
32536	CAVESKDNYGQNFVF	TRAV12-2*01	TRAJ26*01	0.0684664101330768
32536	CASGLVPGGGSDGYTF	TRBV12-5*01	TRBJ1-2*01	0.0684664101330768
32558	CASSLPTRQNLASYEYGYTF	TRBV28*01	TRBJ1-2*01	-0.11064967023019101
32558	CALGEDAGGTSYGKLTF	TRAV38-1*01	TRAJ52*01	-0.11064967023019101
32569	CASSPHRTVLAGDTQYF	TRBV4-3*01	TRBJ2-3*01	0.1114437275913242
32569	CALSANAGGTSYGKLTF	TRAV9-2*01	TRAJ52*01	0.1114437275913242
32577	CAYRSARWAGTASKLTF	TRAV38-2/DV8*01	TRAJ44*01	0.0035324745770127994
32577	CASSGDPKAYEQYF	TRBV2*01	TRBJ2-7*01	0.0035324745770127994
32579	CVVLSGNTGKLIF	TRAV12-1*01	TRAJ37*01	0.11966148382477923
32579	CASSLGPAGAHNEQFF	TRBV27*01	TRBJ2-1*01	0.11966148382477923
32582	CASSPWTGARGYTF	TRBV6-6*01	TRBJ1-2*01	-0.1583738842512064
32582	CAATFGGSQGNLIF	TRAV13-1*01	TRAJ42*01	-0.1583738842512064
32591	CAGGSGGSNYKLTF	TRAV22*01	TRAJ53*01	0.07817620452029055
32591	CASSTPDTPSSYNEQFF	TRBV2*01	TRBJ2-1*01	0.07817620452029055
32594	CASSLLGSNQETQYF	TRBV7-2*01	TRBJ2-5*01	-0.03813052600318759
32594	CAGGGNKLTF	TRAV13-1*01	TRAJ10*01	-0.03813052600318759
32596	CASSWYTTGQETQYF	TRBV7-9*01	TRBJ2-5*01	0.0060037700717143205
32596	CAPTGGGNKLTF	TRAV16*01	TRAJ10*01	0.0060037700717143205
32597	CASSLRGTDTQYF	TRBV14*01	TRBJ2-3*01	0.015975623263486713
32597	CAVGAGGTSYGKLTF	TRAV8-4*01	TRAJ52*01	0.015975623263486713
32612	CARGRGQNFVF	TRAV14/DV4*01	TRAJ26*01	0.06092214663643236
32612	CASSQELAGGGNEQFF	TRBV4-1*01	TRBJ2-1*01	0.06092214663643236
32614	CAVKAAGNKLTF	TRAV8-1*01	TRAJ17*01	-0.13346810390419608
32614	CASSLGETGGIQFF	TRBV5-6*01	TRBJ2-1*01	-0.13346810390419608
32621	CASTWDSLYEQYF	TRBV6-1*01	TRBJ2-7*01	-0.07472690716115196
32621	CVVNGDSGNTPLVF	TRAV12-1*01	TRAJ29*01	-0.07472690716115196
32629	CALANNNDMRF	TRAV1-1*01	TRAJ43*01	-0.07261811980255396
32629	CASSVGGAHEQYF	TRBV9*01	TRBJ2-7*01	-0.07261811980255396
32631	CALSEADYGGATNKLIF	TRAV19*01	TRAJ32*01	0.07528116406851179
32631	CASSQDLGARMGETQYF	TRBV3-1*01	TRBJ2-5*01	0.07528116406851179
32632	CALSNFGNEKLTF	TRAV19*01	TRAJ48*01	0.02126559344629106
32632	CASSVGQGNQPQHF	TRBV9*01	TRBJ1-5*01	0.02126559344629106
32634	CASSPPDDEQYF	TRBV7-9*01	TRBJ2-7*01	0.08907733280387549
32634	CAPPNSGAGSYQLTF	TRAV6*01	TRAJ28*01	0.08907733280387549
32636	CASSERQLPYEQYF	TRBV2*01	TRBJ2-7*01	0.06750229827152904
32636	CASKEWDTNAGKSTF	TRAV13-1*01	TRAJ27*01	0.06750229827152904
32640	CASSQSGGRYEQYF	TRBV4-2*01	TRBJ2-7*01	0.07781790661974994
32640	CAVSETDSWGKLQF	TRAV1-2*01	TRAJ24*01	0.07781790661974994
32642	CASSWLGQGALEAFF	TRBV25-1*01	TRBJ1-1*01	0.07500277500277502
32642	CAYRSYYGGSQGNLIF	TRAV38-2/DV8*01	TRAJ42*01	0.07500277500277502
32658	CAGVLDSGYALNF	TRAV27*01	TRAJ41*01	0.05253080253080253
32658	CASSSNIRDSGNTIYF	TRBV9*01	TRBJ1-3*01	0.05253080253080253
32665	CASKRQGLHAEQYF	TRBV7-9*01	TRBJ2-7*01	0.017134717134717148
32665	CAMRAGNTGNQFYF	TRAV14/DV4*01	TRAJ49*01	0.017134717134717148
32666	CASSATSNQPQHF	TRBV19*01	TRBJ1-5*01	-0.0450838006222457
32666	CAVRDPYSSNTGKLIF	TRAV3*01	TRAJ37*01	-0.0450838006222457
32668	CAGRVFQGSQGNLIF	TRAV25*01	TRAJ42*01	0.04286546786546787
32668	CASSFISQGAYGYTF	TRBV7-9*01	TRBJ1-2*01	0.04286546786546787
32669	CASSVDDTGLSYEQYF	TRBV9*01	TRBJ2-7*01	0.05492081294584841
32669	CAGPSGGSYIPTF	TRAV12-2*01	TRAJ6*01	0.05492081294584841
32673	CASTFIFVRGADSSYEQYF	TRBV28*01	TRBJ2-7*01	0.077345550847855
32673	CAVVPNRDDKIIF	TRAV2*01	TRAJ30*01	0.077345550847855
32674	CASSGPGTLNLDTF	TRBV6-2*01	TRBJ1-2*01	0.042708653353814637
32674	CAMREEYNFNKFYF	TRAV14/DV4*01	TRAJ21*01	0.042708653353814637
32679	CAATLTNAGGTSYGKLTF	TRAV29/DV5*01	TRAJ52*01	0.11785081278168837
32679	CASSDRAGVVTDTQYF	TRBV6-4*01	TRBJ2-3*01	0.11785081278168837
32681	CASSLTGDHTDTQYF	TRBV6-2*01	TRBJ2-3*01	0.07892908373677607
32681	CASTMTTDSWGKFQF	TRAV24*01	TRAJ24*01	0.07892908373677607
32685	CASSDPSGPGGGSPLHF	TRBV2*01	TRBJ1-6*01	0.056217032267452435
32685	CAVRDPGGSGTYKYIF	TRAV1-1*01	TRAJ40*01	0.056217032267452435
32688	CASSLSVVSGELFF	TRBV27*01	TRBJ2-2*01	0.059824079054848295
32688	CAVSEGDALIF	TRAV8-6*01	TRAJ15*01	0.059824079054848295
32697	CAMREGKNDYKLSF	TRAV14/DV4*01	TRAJ20*01	0.07800017442874588
32697	CASSFGGVEGMNTEAFF	TRBV5-6*01	TRBJ1-1*01	0.07800017442874588
32707	CAMREYNAGKSTF	TRAV14/DV4*01	TRAJ27*01	-0.028287304093755704
32707	CASSVEGDGSEAFF	TRBV9*01	TRBJ1-1*01	-0.028287304093755704
32714	CAAHNNAGNMLTF	TRAV29/DV5*01	TRAJ39*01	0.07122432829866913
32714	CASRTRLGRNEQFF	TRBV12-4*01	TRBJ2-1*01	0.07122432829866913
32715	CAASSNTGTASKLTF	TRAV23/DV6*01	TRAJ44*01	0.09337854499144822
32715	CASSLELGQGRETQYF	TRBV5-6*01	TRBJ2-5*01	0.09337854499144822
32719	CAGEENSWGKLQF	TRAV27*01	TRAJ24*01	0.04458123575770635
32719	CASSPTRGLEIEKLFF	TRBV5-1*01	TRBJ1-4*01	0.04458123575770635
32720	CASSLEMQGALYGYTF	TRBV5-1*01	TRBJ1-2*01	0.025669747324247424
32720	CALMDSSYKLIF	TRAV16*01	TRAJ12*01	0.025669747324247424
32721	CAGAGRFSGAGSYQLTF	TRAV27*01	TRAJ28*01	0.022758058755149906
32721	CASSGRARLARTDTQYF	TRBV6-1*01	TRBJ2-3*01	0.022758058755149906
32723	CAVKDTGKLIF	TRAV8-1*01	TRAJ37*01	0.036739417989417995
32723	CASSSLLQGVDYGYTF	TRBV19*01	TRBJ1-2*01	0.036739417989417995
32729	CASSRSFAGGDTDTQYF	TRBV7-9*01	TRBJ2-3*01	0.06914077985506557
32729	CASYRDQAGTALIF	TRAV38-2/DV8*01	TRAJ15*01	0.06914077985506557
32732	CASGGGQGGNNEQFF	TRBV7-9*01	TRBJ2-1*01	0.079560915275201
32732	CAPSWGKLQF	TRAV12-3*01	TRAJ24*01	0.079560915275201
32734	CASSLGPADTQYF	TRBV7-9*01	TRBJ2-3*01	-0.009436704126995765
32734	CADIPNSGNTPLVF	TRAV13-2*01	TRAJ29*01	-0.009436704126995765
32735	CAWSVGVSGANVLTF	TRBV30*01	TRBJ2-6*01	0.08791473851152326
32735	CALLTRSNDYKLSF	TRAV16*01	TRAJ20*01	0.08791473851152326
32742	CAVNMDNDMRF	TRAV12-2*01	TRAJ43*01	-0.0778256872543889
32742	CASSLINTGELFF	TRBV6-2*01	TRBJ2-2*01	-0.0778256872543889
32743	CSARTATGGQSGYTF	TRBV20-1*01	TRBJ1-2*01	-0.04207333216567573
32743	CVVNKGNQFYF	TRAV12-1*01	TRAJ49*01	-0.04207333216567573
32745	CATATDSWGKLQF	TRAV17*01	TRAJ24*01	0.02796424411330716
32745	CASSPSGYQPQHF	TRBV27*01	TRBJ1-5*01	0.02796424411330716
32750	CATTPVGFQKLVF	TRAV17*01	TRAJ8*01	-0.062334481733356886
32750	CASSLGQGPYEQYF	TRBV7-6*01	TRBJ2-7*01	-0.062334481733356886
32762	CALSELRGGGADGLTF	TRAV19*01	TRAJ45*01	0.0673658352229781
32762	CASSPPRTSGAYEQYF	TRBV4-2*01	TRBJ2-7*01	0.0673658352229781
32765	CAETTNRDDKIIF	TRAV13-2*01	TRAJ30*01	0.10214066011173027
32765	CASSLLYSDSPLHF	TRBV27*01	TRBJ1-6*01	0.10214066011173027
32767	CAMREAPGRFQKLVF	TRAV14/DV4*01	TRAJ8*01	0.06308767657974007
32767	CASPGDLNTEAFF	TRBV2*01	TRBJ1-1*01	0.06308767657974007
32769	CAASAYPGGTSYGKLTF	TRAV29/DV5*01	TRAJ52*01	0.058585017675926776
32769	CASSLTSGGQGEQFF	TRBV5-4*01	TRBJ2-1*01	0.058585017675926776
32771	CASSQVAAGDNSYEQYF	TRBV4-2*01	TRBJ2-7*01	0.07341572468659974
32771	CAERGTYKYIF	TRAV13-2*01	TRAJ40*01	0.07341572468659974
32772	CAVRRGNYQLIW	TRAV41*01	TRAJ33*01	0.038223113832869936
32772	CSARGKGAISHHTEAFF	TRBV20-1*01	TRBJ1-1*01	0.038223113832869936
32773	CVVSDLGDDMRF	TRAV8-2*01	TRAJ43*01	0.05253199398692589
32773	CASRGLALYNEQFF	TRBV27*01	TRBJ2-1*01	0.05253199398692589
32776	CASSQDRIRQARTGELFF	TRBV3-1*01	TRBJ2-2*01	0.045450062906729156
32776	CLVGEGAAGNKLTF	TRAV4*01	TRAJ17*01	0.045450062906729156
32778	CAFINESPRAGSSNTGKLIF	TRAV38-1*01	TRAJ37*01	-0.05677655677655678
32778	CSAPDRYLRTEAFF	TRBV20-1*01	TRBJ1-1*01	-0.05677655677655678
32784	CATDDTGFQKLVF	TRAV17*01	TRAJ8*01	0.06974142580203187
32784	CASSLTRTALNTEAFF	TRBV7-6*01	TRBJ1-1*01	0.06974142580203187
32789	CAVRLEGSQGNLIF	TRAV21*01	TRAJ42*01	-0.03774862703434133
32789	CASSLAGVIETQYF	TRBV6-5*01	TRBJ2-5*01	-0.03774862703434133
32790	CATSRGPLASFLVDSYNEQFF	TRBV15*01	TRBJ2-1*01	0.11296932857943304
32790	CAVTAYNQGGKLIF	TRAV22*01	TRAJ23*01	0.11296932857943304
32798	CAVGANPGRRALTF	TRAV8-3*01	TRAJ5*01	0.04019036519036519
32798	CASKGLAGYNEQFF	TRBV6-2*01	TRBJ2-1*01	0.04019036519036519
32799	CATSETVAGGTGELFF	TRBV24-1*01	TRBJ2-2*01	0.043733721559051406
32799	CAVRDGLVYNFNKFYF	TRAV3*01	TRAJ21*01	0.043733721559051406
32800	CATSRNRGDGYTF	TRBV15*01	TRBJ1-2*01	-0.037277537277537284
32800	CAMILHNSGNTPLVF	TRAV14/DV4*01	TRAJ29*01	-0.037277537277537284
32804	CAATYSGGGADGLTF	TRAV39*01	TRAJ45*01	0.05941401137509708
32804	CSARAGSTYEQYF	TRBV20-1*01	TRBJ2-7*01	0.05941401137509708
32806	CASSLGGEGYEQYF	TRBV27*01	TRBJ2-7*01	0.043671740229711244
32806	CALNLQGGSEKLVF	TRAV9-2*01	TRAJ57*01	0.043671740229711244
32807	CATVNSGGYQKVTF	TRAV17*01	TRAJ13*01	0.059905100681707
32807	CASSLSPLDNPSYEQYF	TRBV27*01	TRBJ2-7*01	0.059905100681707
32808	CASSEEGGLSNEKLFF	TRBV2*01	TRBJ1-4*01	0.0479282622139765
32808	CAEYEDSSYKLIF	TRAV13-2*01	TRAJ12*01	0.0479282622139765
32809	CAVFNAGGTSYGKLTF	TRAV41*01	TRAJ52*01	0.062067527656735844
32809	CASSHVTGYEQYF	TRBV16*01	TRBJ2-7*01	0.062067527656735844
32812	CATSAQTGQGENTEAFF	TRBV15*01	TRBJ1-1*01	0.033060214639162006
32812	CAFLSSGNTPLVF	TRAV8-1*01	TRAJ29*01	0.033060214639162006
32813	CASSPRGSYWDEQYF	TRBV27*01	TRBJ2-7*01	0.010846866323825265
32813	CAASGGNDMRF	TRAV29/DV5*01	TRAJ43*01	0.010846866323825265
32820	CIVRVGRGSNYKLTF	TRAV26-1*01	TRAJ53*01	0.040472754758469044
32820	CASRHSQGAPSWYQETQYF	TRBV28*01	TRBJ2-5*01	0.040472754758469044
32821	CAWSVQQGDQPQHF	TRBV30*01	TRBJ1-5*01	0.10108538754293421
32821	CAVGFQGTSYGKLTF	TRAV12-2*01	TRAJ52*01	0.10108538754293421
32824	CAMRPLGGGNQFYF	TRAV14/DV4*01	TRAJ49*01	0.03622839475170894
32824	CASSEGVNEQFF	TRBV5-4*01	TRBJ2-1*01	0.03622839475170894
32825	CAGITGANSKLTF	TRAV36/DV7*01	TRAJ56*01	0.07098690901071276
32825	CASSYSRGISPYGYTF	TRBV6-6*01	TRBJ1-2*01	0.07098690901071276
32826	CASIGSGYNEQFF	TRBV19*01	TRBJ2-1*01	0.12966653834830374
32826	CAGPSYNQGGKLIF	TRAV21*01	TRAJ23*01	0.12966653834830374
32827	CASSYGTLPSEQFF	TRBV6-5*01	TRBJ2-1*01	0.05342980112565367
32827	CAVNEMDGANNLFF	TRAV8-1*01	TRAJ36*01	0.05342980112565367
32828	CASRDATGGFEQYF	TRBV10-2*01	TRBJ2-7*01	0.10701222586571699
32828	CVAGSGGGADGLTF	TRAV12-1*01	TRAJ45*01	0.10701222586571699
32829	CAGPLLAAGNKLTF	TRAV25*01	TRAJ17*01	0.06482160952207036
32829	CAINKGTGNTGELFF	TRBV10-3*01	TRBJ2-2*01	0.06482160952207036
32831	CAWSVRGVNPYNEQFF	TRBV30*01	TRBJ2-1*01	0.06269221649824713
32831	CAVKGTNAGKSTF	TRAV12-2*01	TRAJ27*01	0.06269221649824713
32834	CAVRDRGSGTYKYIF	TRAV1-2*01	TRAJ40*01	0.09647303608032923
32834	CSASVPAGQQNSSPLHF	TRBV20-1*01	TRBJ1-6*01	0.09647303608032923
32837	CAISTGNQFYF	TRAV12-3*01	TRAJ49*01	0.10061595520073544
32837	CASSQGAGGLVFYEQYF	TRBV4-2*01	TRBJ2-7*01	0.10061595520073544
32838	CASSATGTGRTSAWYNEQFF	TRBV7-2*01	TRBJ2-1*01	0.1067567423055972
32838	CAVRTNFGNEKLTF	TRAV8-4*01	TRAJ48*01	0.1067567423055972
32840	CASSYDSRETQYF	TRBV7-9*01	TRBJ2-5*01	0.061680911680911686
32840	CAVLDPYSGGGADGLTF	TRAV12-2*01	TRAJ45*01	0.061680911680911686
32842	CASAGERSEQFF	TRBV2*01	TRBJ2-1*01	-0.131162030847318
32842	CILKASQGGSEKLVF	TRAV26-2*01	TRAJ57*01	-0.131162030847318
32843	CASSPPHPTGPTDTQYF	TRBV14*01	TRBJ2-3*01	-0.07239258209439496
32843	CAVTKFSSNTGKLIF	TRAV8-6*01	TRAJ37*01	-0.07239258209439496
32844	CASSFGAGAKAGELFF	TRBV27*01	TRBJ2-2*01	-0.048812082513407934
32844	CAASIMDFGNEKLTF	TRAV13-1*01	TRAJ48*01	-0.048812082513407934
32845	CGWPGQTNTGELFF	TRBV12-4*01	TRBJ2-2*01	-0.019518295324746936
32845	CAFGAGSYQLTF	TRAV38-1*01	TRAJ28*01	-0.019518295324746936
32846	CASSDGTSGRAGGELFF	TRBV12-4*01	TRBJ2-2*01	0.02271062271062271
32846	CAVKNYKLSF	TRAV12-2*01	TRAJ20*01	0.02271062271062271
32848	CSAPGGRPQHF	TRBV20-1*01	TRBJ1-5*01	-0.03569934339165109
32848	CLVGDPFYNQGGKLIF	TRAV4*01	TRAJ23*01	-0.03569934339165109
32849	CAVRPRLTGGGNKLTF	TRAV21*01	TRAJ10*01	0.08597190344502173
32849	CASSPRQRSGNTIYF	TRBV7-9*01	TRBJ1-3*01	0.08597190344502173
32851	CAENMKMNTGFQKLVF	TRAV13-2*01	TRAJ8*01	0.05666185666185666
32851	CASSQDLMEETQYF	TRBV4-1*01	TRBJ2-5*01	0.05666185666185666
32852	CSAWAQGSGYEQYF	TRBV20-1*01	TRBJ2-7*01	0.12773128286672175
32852	CAVRRSYNTDKLIF	TRAV1-2*01	TRAJ34*01	0.12773128286672175
32853	CASSFDHRGRDEQFF	TRBV7-3*01	TRBJ2-1*01	0.16209878475623485
32853	CAYRRRGNQFYF	TRAV38-2/DV8*01	TRAJ49*01	0.16209878475623485
32854	CARQTTGTTVGYTF	TRBV2*01	TRBJ1-2*01	0.030499803227075958
32854	CAARAPKAAGNKLTF	TRAV23/DV6*01	TRAJ17*01	0.030499803227075958
32855	CASSWTGMNTEAFF	TRBV7-2*01	TRBJ1-1*01	0.13164776617383467
32855	CAASVMAGGGADGLTF	TRAV29/DV5*01	TRAJ45*01	0.13164776617383467
32856	CASSDGGSSGNTIYF	TRBV18*01	TRBJ1-3*01	0.041938000271333604
32856	CAVRLPGPLVF	TRAV1-2*01	TRAJ29*01	0.041938000271333604
32859	CSATPNPGGHSTDTQYF	TRBV20-1*01	TRBJ2-3*01	0.062234783378724824
32859	CAGNTGGFKTIF	TRAV25*01	TRAJ9*01	0.062234783378724824
32866	CASSGLRGTAEAFF	TRBV9*01	TRBJ1-1*01	0.10091378155894284
32866	CVVKDNNNDMRF	TRAV12-1*01	TRAJ43*01	0.10091378155894284
32867	CVVNFLYNQGGKLIF	TRAV12-1*01	TRAJ23*01	0.11839444903961033
32867	CASSQERDRVYEQYF	TRBV4-3*01	TRBJ2-7*01	0.11839444903961033
32868	CALGSNYQLIW	TRAV19*01	TRAJ33*01	-0.00536639160684892
32868	CAWSAIADTDTQYF	TRBV30*01	TRBJ2-3*01	-0.00536639160684892
32870	CASSQDHGLHPEAFF	TRBV4-1*01	TRBJ1-1*01	0.08812075469123017
32870	CAAPGTGANNLFF	TRAV29/DV5*01	TRAJ36*01	0.08812075469123017
32876	CAFIPPQGTGTASKLTF	TRAV38-1*01	TRAJ44*01	0.06781025800633644
32876	CASSMNPQGGSSPLHF	TRBV11-1*01	TRBJ1-6*01	0.06781025800633644
32887	CASSADQLEQFF	TRBV9*01	TRBJ2-1*01	-0.03248223358822437
32887	CVVNGAGNTPLVF	TRAV12-1*01	TRAJ29*01	-0.03248223358822437
32888	CALSAFNDYKLSF	TRAV16*01	TRAJ20*01	0.06481962964214247
32888	CASSEAGGGYEQYF	TRBV12-3*01	TRBJ2-7*01	0.06481962964214247
32892	CASSPLPGGVNEQFF	TRBV10-1*01	TRBJ2-1*01	0.00031098908649929147
32892	CAGPLLTQGGSEKLVF	TRAV25*01	TRAJ57*01	0.00031098908649929147
32903	CLVGDLYTGGFKTIF	TRAV4*01	TRAJ9*01	0.04073813899724196
32903	CASQAGVFTDTQYF	TRBV28*01	TRBJ2-3*01	0.04073813899724196
32905	CGTEIQGGGADGLTF	TRAV30*01	TRAJ45*01	0.10382182655696169
32905	CASSPSSGESTDTQYF	TRBV27*01	TRBJ2-3*01	0.10382182655696169
32908	CATDASSNYQLIW	TRAV17*01	TRAJ33*01	0.024149673488991094
32908	CSAIPLGEPYEQYF	TRBV20-1*01	TRBJ2-7*01	0.024149673488991094
32910	CASSSGVGQEAHEQYF	TRBV11-1*01	TRBJ2-7*01	0.02794884327142392
32910	CAVAYSGGYQKVTF	TRAV8-6*01	TRAJ13*01	0.02794884327142392
32918	CAADSGNTPLVF	TRAV36/DV7*01	TRAJ29*01	0.11698411737750841
32918	CASSYSVRDYEQYF	TRBV6-5*01	TRBJ2-7*01	0.11698411737750841
32938	CAAPEPPNTGNQFYF	TRAV29/DV5*01	TRAJ49*01	0.10716592801928002
32938	CATSDVAGGGGEQFF	TRBV24-1*01	TRBJ2-1*01	0.10716592801928002
32940	CASRESLLAGGPDTQYF	TRBV4-2*01	TRBJ2-3*01	0.01622187336473051
32940	CAARPHNRKLIW	TRAV13-1*01	TRAJ38*01	0.01622187336473051
32942	CAGDSNYQLIW	TRAV27*01	TRAJ33*01	0.047880925658703444
32942	CASSQDMRAGGPNEQFF	TRBV4-3*01	TRBJ2-1*01	0.047880925658703444
32943	CAGHLRKTSYDKVIF	TRAV27*01	TRAJ50*01	0.06413274585318889
32943	CASSPEGRRMGPTNEKLFF	TRBV12-3*01	TRBJ1-4*01	0.06413274585318889
32944	CASSMGPTGYGYTF	TRBV19*01	TRBJ1-2*01	0.08931716431716433
32944	CAGLSYNTDKLIF	TRAV27*01	TRAJ34*01	0.08931716431716433
32950	CASSFGLDHGTGELFF	TRBV5-4*01	TRBJ2-2*01	0.09627255813894348
32950	CAMRGTSNDYKLSF	TRAV14/DV4*01	TRAJ20*01	0.09627255813894348
32952	CSARDREGSIYNEQFF	TRBV20-1*01	TRBJ2-1*01	0.07312693079346959
32952	CATDAGSSNTGKLIF	TRAV17*01	TRAJ37*01	0.07312693079346959
32955	CAVSGNTPLVF	TRAV12-2*01	TRAJ29*01	0.21673504499311746
32955	CASTQGYNEQFF	TRBV11-2*01	TRBJ2-1*01	0.21673504499311746
32956	CAYRSFNYGGSQGNLIF	TRAV38-2/DV8*01	TRAJ42*01	0.09841269841269842
32956	CASSQDLGVDGYTF	TRBV4-3*01	TRBJ1-2*01	0.09841269841269842
32964	CVVSEWNDMRF	TRAV8-2*01	TRAJ43*01	0.06478521728044039
32964	CASSRGGGSYNEQFF	TRBV11-2*01	TRBJ2-1*01	0.06478521728044039
32968	CAGCRLGAGSYQLTF	TRAV35*01	TRAJ28*01	0.06382578213567434
32968	CATSREWPGELFF	TRBV15*01	TRBJ2-2*01	0.06382578213567434
32970	CATDTGRRALTF	TRAV17*01	TRAJ5*01	0.06113035113035113
32970	CASSLALSTEYSSF	TRBV5-1*01	TRBJ1-2*01	0.06113035113035113
32973	CAALWSNQFYF	TRAV13-1*01	TRAJ49*01	0.04400341442594964
32973	CASSQDYNEQFF	TRBV14*01	TRBJ2-1*01	0.04400341442594964
32974	CASSLTSGSISTQYF	TRBV7-6*01	TRBJ2-3*01	-0.0027336860670194012
32974	CALSEAYGGYQKVTF	TRAV19*01	TRAJ13*01	-0.0027336860670194012
32975	CSAPLGEGGYTF	TRBV20-1*01	TRBJ1-2*01	0.040923362351933786
32975	CAMRELSNTGKLIF	TRAV14/DV4*01	TRAJ37*01	0.040923362351933786
32976	CAVLFHYNQGGKLIF	TRAV8-6*01	TRAJ23*01	0.07633292633292635
32976	CASSIARTGEAVNEQFF	TRBV7-4*01	TRBJ2-1*01	0.07633292633292635
32979	CASSFRPPDTDRTNTGELFF	TRBV5-1*01	TRBJ2-2*01	0.08395995538852681
32979	CAVRPPHSGAGSYQLTF	TRAV21*01	TRAJ28*01	0.08395995538852681
32982	CASSLSAGTEAFF	TRBV28*01	TRBJ1-1*01	0.09910584502421238
32982	CALSDYGGATNKLIF	TRAV9-2*01	TRAJ32*01	0.09910584502421238
32986	CASSLDGATNEKLFF	TRBV5-1*01	TRBJ1-4*01	0.0708223405100149
32986	CAVGARSGGYQKVTF	TRAV8-3*01	TRAJ13*01	0.0708223405100149
32988	CASSVQEEYGYTF	TRBV9*01	TRBJ1-2*01	-0.03354978354978355
32988	CAGYDYKLSF	TRAV25*01	TRAJ20*01	-0.03354978354978355
32989	CASSIGGGLYEQYF	TRBV19*01	TRBJ2-7*01	0.031686030104430676
32989	CAVGYNAGNMLTF	TRAV22*01	TRAJ39*01	0.031686030104430676
32993	CAVKDYGGATNKLIF	TRAV8-1*01	TRAJ32*01	0.0035091029658714384
32993	CASSEGGGYEQYF	TRBV2*01	TRBJ2-7*01	0.0035091029658714384
32997	CASSVEEPGTVYEQYF	TRBV9*01	TRBJ2-7*01	0.09649876732302265
32997	CAVLNNARLMF	TRAV1-2*01	TRAJ31*01	0.09649876732302265
32998	CASSLMTGGAYNEQFF	TRBV5-6*01	TRBJ2-1*01	-0.05377016969317068
32998	CVVNYNAGNMLTF	TRAV12-1*01	TRAJ39*01	-0.05377016969317068
33000	CVVTGAGSYQLTF	TRAV8-2*01	TRAJ28*01	0.06110500082774921
33000	CATSDDSEKLFF	TRBV24-1*01	TRBJ1-4*01	0.06110500082774921
33021	CATDADSNYQLIW	TRAV17*01	TRAJ33*01	0.04115085318377752
33021	CASSLDAETQYF	TRBV7-6*01	TRBJ2-5*01	0.04115085318377752
33023	CVVSVTGTASKLTF	TRAV8-2*01	TRAJ44*01	0.09017042499670434
33023	CASSPGTGDLETQYF	TRBV7-9*01	TRBJ2-5*01	0.09017042499670434
33027	CAGDMRF	TRAV17*01	TRAJ43*01	0.019682539682539683
33027	CASSLAGDQEPQYEQYF	TRBV7-6*01	TRBJ2-7*01	0.019682539682539683
33028	CAVRGYGQNFVF	TRAV3*01	TRAJ26*01	0.03339679219551471
33028	CSARDPQRTTSTDTQYF	TRBV20-1*01	TRBJ2-3*01	0.03339679219551471
33034	CAFFSGGGADGLTF	TRAV24*01	TRAJ45*01	0.07632667486669337
33034	CASSLGGPPTYEQYF	TRBV7-2*01	TRBJ2-7*01	0.07632667486669337
33039	CASSWTANTEAFF	TRBV27*01	TRBJ1-1*01	-0.042713423547952475
33039	CAVERDSGGSNYKLTF	TRAV36/DV7*01	TRAJ53*01	-0.042713423547952475
33040	CAVRDLETGANNLFF	TRAV1-2*01	TRAJ36*01	0.0007356388410120762
33040	CSARGTDFANTGELFF	TRBV20-1*01	TRBJ2-2*01	0.0007356388410120762
33042	CASSPGLTPAEQYF	TRBV7-9*01	TRBJ2-7*01	0.08418822700512842
33042	CAYRSATSGTYKYIF	TRAV38-2/DV8*01	TRAJ40*01	0.08418822700512842
33046	CAVHNAGNMLTF	TRAV27*01	TRAJ39*01	0.040251193471030185
33046	CASGFFNQPQHF	TRBV6-2*01	TRBJ1-5*01	0.040251193471030185
33052	CASSPDGTGSGNTIYF	TRBV5-1*01	TRBJ1-3*01	0.05517075517075517
33052	CAFMKPFHTGNQFYF	TRAV38-1*01	TRAJ49*01	0.05517075517075517
33054	CAHPSGNTPLVF	TRAV38-2/DV8*01	TRAJ29*01	0.047081832192715535
33054	CASSLNEQEGQPQHF	TRBV28*01	TRBJ1-5*01	0.047081832192715535
33055	CASSLAGTGSDTQYF	TRBV27*01	TRBJ2-3*01	0.06147556147556148
33055	CALSDQLDSWGKLQF	TRAV9-2*01	TRAJ24*01	0.06147556147556148
33061	CASSLLRVSGANVLTF	TRBV3-1*01	TRBJ2-6*01	0.05643392976372828
33061	CAYLENNDMRF	TRAV38-2/DV8*01	TRAJ43*01	0.05643392976372828
33063	CLVTPLYNFNKFYF	TRAV4*01	TRAJ21*01	0.06587930760395631
33063	CASSEDNRGRYEQYF	TRBV2*01	TRBJ2-7*01	0.06587930760395631
33065	CALSQESGYNQGGKLIF	TRAV19*01	TRAJ23*01	0.04748584748584749
33065	CASSMRHFSYEQYF	TRBV19*01	TRBJ2-7*01	0.04748584748584749
33066	CASSPVGPNTQYF	TRBV12-4*01	TRBJ2-3*01	0.07871204064752452
33066	CGTGPRVNFGNEKLTF	TRAV30*01	TRAJ48*01	0.07871204064752452
33069	CASSLKVRDEQFF	TRBV7-3*01	TRBJ2-1*01	0.058275368641117556
33069	CATASNDYKLSF	TRAV8-3*01	TRAJ20*01	0.058275368641117556
33070	CATDELYNTDKLIF	TRAV17*01	TRAJ34*01	0.05872469776213092
33070	CAWGIPRQDNNEKLFF	TRBV30*01	TRBJ1-4*01	0.05872469776213092
33073	CAVSDKGDSSYKLIF	TRAV8-4*01	TRAJ12*01	-0.013954299668585381
33073	CASSLGTGYEQYF	TRBV7-9*01	TRBJ2-7*01	-0.013954299668585381
33074	CAVSDSSGTSYDKVIF	TRAV8-6*01	TRAJ50*01	0.09805221233792664
33074	CASSYSGTENGYTF	TRBV6-5*01	TRBJ1-2*01	0.09805221233792664
33079	CASNSLDREDGNTIYF	TRBV12-4*01	TRBJ1-3*01	-0.017519288417121238
33079	CAVDKIGGREGGSEKLVF	TRAV39*01	TRAJ57*01	-0.017519288417121238
33085	CSARGQGTSGVDYGYTF	TRBV20-1*01	TRBJ1-2*01	0.045251623376623376
33085	CAREDSSYKLIF	TRAV13-2*01	TRAJ12*01	0.045251623376623376
33094	CASSRNPGTGTYNEQFF	TRBV28*01	TRBJ2-1*01	0.058698708698708704
33094	CAGRPRGSTLGRLYF	TRAV25*01	TRAJ18*01	0.058698708698708704
33103	CAAVYHGTASKLTF	TRAV13-1*01	TRAJ44*01	0.14860085173437432
33103	CASSQDRASYNEQFF	TRBV4-1*01	TRBJ2-1*01	0.14860085173437432
33104	CASSSSGYNEQFF	TRBV5-1*01	TRBJ2-1*01	0.05315962119240808
33104	CAVLVGGSTLGRLYF	TRAV8-1*01	TRAJ18*01	0.05315962119240808
33129	CASTPGSEPLHF	TRBV25-1*01	TRBJ1-6*01	0.05622092977018225
33129	CAVRDIMNRDDKIIF	TRAV3*01	TRAJ30*01	0.05622092977018225
33135	CASIDRSYEQYF	TRBV6-5*01	TRBJ2-7*01	0.022586753790091223
33135	CAVVSDDKIIF	TRAV22*01	TRAJ30*01	0.022586753790091223
33142	CAVNGDDKIIF	TRAV8-1*01	TRAJ30*01	-0.0279402886031037
33142	CASSYPLGTQYF	TRBV6-5*01	TRBJ2-5*01	-0.0279402886031037
33143	CAVSEFGANSKLTF	TRAV8-6*01	TRAJ56*01	0.05918556172202105
33143	CASRVKETQYF	TRBV7-9*01	TRBJ2-5*01	0.05918556172202105
33144	CASSLGVGRGFTEAFF	TRBV7-2*01	TRBJ1-1*01	0.10247371675943104
33144	CAYRSLRRDDKIIF	TRAV38-2/DV8*01	TRAJ30*01	0.10247371675943104
33167	CVVNSGNKLVF	TRAV12-1*01	TRAJ47*01	0.027733331094675635
33167	CASSADAGTSSEQFF	TRBV9*01	TRBJ2-1*01	0.027733331094675635
33214	CVAASYNTDKLIF	TRAV12-1*01	TRAJ34*01	0.06820679320679321
33214	CASSQVGRGRGAFF	TRBV3-1*01	TRBJ1-1*01	0.06820679320679321
33236	CASSVAGGGQETQYF	TRBV9*01	TRBJ2-5*01	0.08232750484179449
33236	CALSEAGTYKYIF	TRAV19*01	TRAJ40*01	0.08232750484179449
33238	CASKVYGYTF	TRBV7-2*01	TRBJ1-2*01	0.008110936682365255
33238	CLVGDFNSNSGYALNF	TRAV4*01	TRAJ41*01	0.008110936682365255
33242	CASSQDVTSEWVDTIYF	TRBV4-3*01	TRBJ1-3*01	0.03109073311025821
33242	CAVNPKYTGGFKTIF	TRAV12-2*01	TRAJ9*01	0.03109073311025821
33250	CAGPRFTSGTYKYIF	TRAV25*01	TRAJ40*01	0.07052324779597507
33250	CASSPTLYNEQFF	TRBV7-2*01	TRBJ2-1*01	0.07052324779597507
33255	CASSLILDSPLHF	TRBV7-9*01	TRBJ1-6*01	0.05376323953101952
33255	CAVEDDYKLSF	TRAV22*01	TRAJ20*01	0.05376323953101952
33282	CASSISSTGELFF	TRBV19*01	TRBJ2-2*01	-0.055742993140681665
33282	CAVESGNTGKLIF	TRAV21*01	TRAJ37*01	-0.055742993140681665
33314	CAFDRGSSNAGKLIF	TRAV24*01	TRAJ37*01	-0.07074532846229141
33314	CASEGVHEQFF	TRBV2*01	TRBJ2-1*01	-0.07074532846229141
33315	CAGLPYGQNFVF	TRAV35*01	TRAJ26*01	0.03690476190476191
33315	CASSPVGWGNTIYF	TRBV18*01	TRBJ1-3*01	0.03690476190476191
33316	CATDKGSGGSNYKLTF	TRAV17*01	TRAJ53*01	0.038491362667819315
33316	CASSTMGDYYEQYF	TRBV14*01	TRBJ2-7*01	0.038491362667819315
33317	CAALGGDKIIF	TRAV22*01	TRAJ30*01	-0.03916158300933047
33317	CASSLWAGNTIYF	TRBV7-6*01	TRBJ1-3*01	-0.03916158300933047
33332	CASSPRDEQFF	TRBV7-9*01	TRBJ2-1*01	0.08355439674441527
33332	CAMRAFGNEKLTF	TRAV14/DV4*01	TRAJ48*01	0.08355439674441527
33333	CAASQNTEAFF	TRBV6-1*01	TRBJ1-1*01	0.05262420506322946
33333	CALSESHNNAGNMLTF	TRAV19*01	TRAJ39*01	0.05262420506322946
33340	CAGFLMNRDDKIIF	TRAV27*01	TRAJ30*01	0.06708128731938255
33340	CACCRLFSREYGYTF	TRBV2*01	TRBJ1-2*01	0.06708128731938255
33471	CACSIDPRGQPQHF	TRBV19*01	TRBJ1-5*01	0.00783814950481617
33471	CVGFSGNTGKLIF	TRAV12-1*01	TRAJ37*01	0.00783814950481617
34325	CALSEAGMDSNYQLIW	TRAV19*01	TRAJ33*01	-0.38223371164224923
34325	CASSLVNGLGYTF	TRBV7-9*01	TRBJ1-2*01	-0.38223371164224923
34330	CALSEARGGATNKLIF	TRAV19*01	TRAJ32*01	0.0811843970446121
34330	CASSRDTVNTEAFF	TRBV10-1*01	TRBJ1-1*01	0.0811843970446121
34340	CASSRDFVSNEQYF	TRBV10-1*01	TRBJ2-7*01	0.036104171161368256
34340	CALSEARGGATNKLIF	TRAV19*01	TRAJ32*01	0.036104171161368256
34346	CALSSRGSTLGRLYF	TRAV19*01	TRAJ18*01	-0.03810036281848053
34346	CASSPSGLAGSNLGNEQFF	TRBV11-3*01	TRBJ2-1*01	-0.03810036281848053
34348	CALSSRGSTLGRLYF	TRAV19*01	TRAJ18*01	-0.03810036281848053
34348	CASSPSGLAGSNLGNEQFF	TRBV11-3*01	TRBJ2-1*01	-0.03810036281848053
34357	CALSSRGSTLGRLYF	TRAV19*01	TRAJ18*01	-0.03810036281848053
34357	CASSPSGLAGSNLGNEQFF	TRBV11-3*01	TRBJ2-1*01	-0.03810036281848053
34481	CAVVPMDSNYQLIW	TRAV8-3*01	TRAJ33*01	0.08070404549554823
34481	CASSVGGGVTDTQYF	TRBV9*01	TRBJ2-3*01	0.08070404549554823
34490	CAVYTGGFKTIF	TRAV1-2*01	TRAJ9*01	0.08661813213428379
34490	CASNLGGGSTDTQYF	TRBV11-2*01	TRBJ2-3*01	0.08661813213428379
34495	CAVEGDTGFQKLVF	TRAV2*01	TRAJ8*01	0.05533377298083181
34495	CASSSPRSSRDTDTQYF	TRBV13*01	TRBJ2-3*01	0.05533377298083181
34497	CASRAVINTDTQYF	TRBV12-3*01	TRBJ2-3*01	0.06482469911041341
34497	CGADFLMNRDDKIIF	TRAV34*01	TRAJ30*01	0.06482469911041341
34498	CASSPGPNQPQHF	TRBV14*01	TRBJ1-5*01	0.07585024467507379
34498	CAVHRDYKLSF	TRAV1-1*01	TRAJ20*01	0.07585024467507379
34501	CAVPSGSARQLTF	TRAV1-2*01	TRAJ22*01	0.04887273220606555
34501	CASSLDFSRQETQYF	TRBV7-2*01	TRBJ2-5*01	0.04887273220606555
34504	CAVKSWSGPGWGNQAGTALIF	TRAV20*01	TRAJ15*01	-0.013565144544554658
34504	CASSMRVQSNTGELFF	TRBV19*01	TRBJ2-2*01	-0.013565144544554658
34505	CVGDFNNAGNMLTF	TRAV12-1*01	TRAJ39*01	0.05261312750893754
34505	CASSPGREQYF	TRBV4-2*01	TRBJ2-7*01	0.05261312750893754
34507	CAVRDNYGQNFVF	TRAV3*01	TRAJ26*01	0.10416519843756492
34507	CASSLSWGSSYNEQFF	TRBV27*01	TRBJ2-1*01	0.10416519843756492
34508	CAASGISGSRLTF	TRAV29/DV5*01	TRAJ10*01	0.04541416763584348
34508	CASRDHRVIYGYTF	TRBV6-5*01	TRBJ1-2*01	0.04541416763584348
34509	CAVRSAAAGNKLTF	TRAV22*01	TRAJ17*01	0.11351131980585862
34509	CASSRSTGGSGNTIYF	TRBV4-3*01	TRBJ1-3*01	0.11351131980585862
34520	CASRPWTGANEKLFF	TRBV6-5*01	TRBJ1-4*01	0.11905120993175256
34520	CAVGTSYDKVIF	TRAV21*01	TRAJ50*01	0.11905120993175256
34528	CASTAGPNFGNEKLTF	TRAV13-1*01	TRAJ48*01	0.02311680255228643
34528	CASSANRGPDTEAFF	TRBV12-4*01	TRBJ1-1*01	0.02311680255228643
34530	CAVRDRGTGGFKTIF	TRAV1-2*01	TRAJ9*01	0.04689596118167547
34530	CASITKDRAYEQYF	TRBV28*01	TRBJ2-1*01	0.04689596118167547
34531	CAWSAASGGAQDTQYF	TRBV30*01	TRBJ2-3*01	0.08756013634062415
34531	CAPSYSSASKIIF	TRAV12-3*01	TRAJ3*01	0.08756013634062415
34532	CASSPGTVKETQYF	TRBV5-1*01	TRBJ2-5*01	0.02522711573705995
34532	CAMSGYTNAGKSTF	TRAV12-3*01	TRAJ27*01	0.02522711573705995
34533	CAMREDNNARLMF	TRAV14/DV4*01	TRAJ31*01	0.052294038100489715
34533	CASSQEFVGAVLDTQYF	TRBV14*01	TRBJ2-3*01	0.052294038100489715
34534	CAFMWGLGQNFVF	TRAV38-1*01	TRAJ26*01	0.09304954304954305
34534	CASSVERENTGELFF	TRBV28*01	TRBJ2-2*01	0.09304954304954305
34546	CAVSMYSGGGADGLTF	TRAV12-2*01	TRAJ45*01	0.09121374688802472
34546	CASSPQGDSASSGNTIYF	TRBV4-2*01	TRBJ1-3*01	0.09121374688802472
