complex.id,peptide,potential,score
4qrr.pdb,PPHFVYYAY,TCRen,-1.98933938878626
4qrr.pdb,WPTIEHAAY,TCRen,-1.87507402525255
4qrr.pdb,DPEIYIWLY,TCRen,-1.81611289780184
4qrr.pdb,LPRPQLHAY,TCRen,-1.80389586908991
4qrr.pdb,EPNDYVATY,TCRen,-1.64516816102562
4qrr.pdb,MPPIDAQYY,TCRen,-1.56255586711416
4qrr.pdb,GPTDVVWNY,TCRen,-1.54938744210151
4qrr.pdb,SPDDFIKAY,TCRen,-1.54707695594792
4qrr.pdb,QPKDYLVGY,TCRen,-1.52774019928356
4qrr.pdb,KPILLYWAY,TCRen,-1.50019743661508
4qrr.pdb,SPHMGIVNY,TCRen,-1.48378055790311
4qrr.pdb,SPTSEVYRY,TCRen,-1.39435421090372
4qrr.pdb,QPTATIKKY,TCRen,-1.37395444620048
4qrr.pdb,SPHILAWGY,TCRen,-1.33199806862041
4qrr.pdb,HPIILATAY,TCRen,-1.3286670179275
4qrr.pdb,DPAMYLVGY,TCRen,-1.31093201822077
4qrr.pdb,SPFIIAKRY,TCRen,-1.29558734936518
4qrr.pdb,LPSPVYDYY,TCRen,-1.29003142726034
4qrr.pdb,YPEVSYIAY,TCRen,-1.2849931902049
4qrr.pdb,TPNPDVDRY,TCRen,-1.26047356342543
4qrr.pdb,WPILVWVPY,TCRen,-1.20884960102685
4qrr.pdb,WPPPVALVY,TCRen,-1.19457775691683
4qrr.pdb,SPMMIYYWY,TCRen,-1.1926968727675
4qrr.pdb,APAVLLHEY,TCRen,-1.16319077557633
4qrr.pdb,VPDMLYDAY,TCRen,-1.10516201965416
4qrr.pdb,DPDLEYHLY,TCRen,-1.07986782835333
4qrr.pdb,QPVPFLDYY,TCRen,-1.05711460059023
4qrr.pdb,QPYMFHLRY,TCRen,-1.02840251616498
4qrr.pdb,MPKKLQYAY,TCRen,-1.02277864586634
4qrr.pdb,VPDWHVLPY,TCRen,-1.02162310379946
4qrr.pdb,FPKVCLYNY,TCRen,-0.989702812484505
4qrr.pdb,KPGMHIDRY,TCRen,-0.978276574230647
4qrr.pdb,CPRVAHKAY,TCRen,-0.974650928868357
4qrr.pdb,YPWKKIHRY,TCRen,-0.945000630299211
4qrr.pdb,SPTLTQVPY,TCRen,-0.940486896138749
4qrr.pdb,YPGFWLLYY,TCRen,-0.934312512789371
4qrr.pdb,LPIMYAPLY,TCRen,-0.926208184619481
4qrr.pdb,RPTVMLAEY,TCRen,-0.917957361026898
4qrr.pdb,PPDILRYPY,TCRen,-0.9022036737932
4qrr.pdb,HPQDFSHKY,TCRen,-0.884713983294374
4qrr.pdb,WPSVLHAHY,TCRen,-0.876993938385253
4qrr.pdb,DPNDVHDYY,TCRen,-0.84570395007737
4qrr.pdb,CPGQMYVYY,TCRen,-0.838672662505907
4qrr.pdb,RPLCEVHIY,TCRen,-0.83825350869157
4qrr.pdb,IPTMYEYYY,TCRen,-0.8275359255101
4qrr.pdb,RPGLAWAAY,TCRen,-0.826982634343286
4qrr.pdb,QPLTNVARY,TCRen,-0.796618071117873
4qrr.pdb,HPHMLIQRY,TCRen,-0.791818253433769
4qrr.pdb,GPRIVWVCY,TCRen,-0.763504245532024
4qrr.pdb,MPSPIQVLY,TCRen,-0.756932857328132
4qrr.pdb,KPGVDVDHY,TCRen,-0.752653813063986
4qrr.pdb,QPMIESHLY,TCRen,-0.735686825093836
4qrr.pdb,LPHAWRYDY,TCRen,-0.734562774754377
4qrr.pdb,YPKDFHHTY,TCRen,-0.733532302944055
4qrr.pdb,MPISITYPY,TCRen,-0.732416450837231
4qrr.pdb,IPSINVHHY,TCRen,-0.711906935440236
4qrr.pdb,CPNIDSPAY,TCRen,-0.702518870057594
4qrr.pdb,EPHAMISLY,TCRen,-0.700732604583787
4qrr.pdb,VPQMFQAIY,TCRen,-0.681902039619475
4qrr.pdb,QPVFVLAIY,TCRen,-0.681644612937283
4qrr.pdb,GPRSDLHRY,TCRen,-0.676318904323356
4qrr.pdb,WPGKFLAKY,TCRen,-0.670741338857116
4qrr.pdb,MPWKQLYLY,TCRen,-0.660181011296964
4qrr.pdb,DPVINHVNY,TCRen,-0.627364441987959
4qrr.pdb,DPDDKIWGY,TCRen,-0.625764956769722
4qrr.pdb,VPRVACYRY,TCRen,-0.622707320105323
4qrr.pdb,FPDAYSFIY,TCRen,-0.601439285322177
4qrr.pdb,QPCLNIHLY,TCRen,-0.598847082530253
4qrr.pdb,HPNARSFPY,TCRen,-0.588452044338952
4qrr.pdb,TPCFKTVAY,TCRen,-0.587596751853018
4qrr.pdb,CPGWLVPPY,TCRen,-0.560930119277345
4qrr.pdb,DPRANLDIY,TCRen,-0.550887366923911
4qrr.pdb,GPDAKHGYY,TCRen,-0.506117648440936
4qrr.pdb,HPRATYKTY,TCRen,-0.49657769716319
4qrr.pdb,YPMARYPVY,TCRen,-0.486192649583226
4qrr.pdb,CPSMIIDLY,TCRen,-0.485055337935128
4qrr.pdb,GPCAKQWCY,TCRen,-0.477539638523738
4qrr.pdb,APCLWIRRY,TCRen,-0.477366587915445
4qrr.pdb,WPFVKADCY,TCRen,-0.46541164822337
4qrr.pdb,APIRTIYAY,TCRen,-0.463671279128784
4qrr.pdb,NPQVEVPEY,TCRen,-0.460678166351202
4qrr.pdb,LPDMEIKLY,TCRen,-0.449321414316025
4qrr.pdb,HPLPWTLQY,TCRen,-0.445709235031146
4qrr.pdb,QPFDQHHCY,TCRen,-0.441569599436214
4qrr.pdb,RPCAAMHEY,TCRen,-0.41840082430347
4qrr.pdb,EPRFAILTY,TCRen,-0.388642848665875
4qrr.pdb,QPIAFPQKY,TCRen,-0.36874541624679
4qrr.pdb,WPQAQRYDY,TCRen,-0.348515752503314
4qrr.pdb,VPIAKDVQY,TCRen,-0.340492675701538
4qrr.pdb,TPIMIQIPY,TCRen,-0.33924020727766
4qrr.pdb,HPGANLWFY,TCRen,-0.328041661616328
4qrr.pdb,TPKMTHHNY,TCRen,-0.315457987703612
4qrr.pdb,YPVDAHWHY,TCRen,-0.30207143284574
4qrr.pdb,VPETTLVHY,TCRen,-0.279943352677452
4qrr.pdb,LPIWFHWYY,TCRen,-0.262506937694916
4qrr.pdb,DPLMDIDWY,TCRen,-0.244673698121802
4qrr.pdb,PPQFFVAEY,TCRen,-0.22642409687865
4qrr.pdb,EPPEDVAGY,TCRen,-0.209733755847885
4qrr.pdb,IPCATMYFY,TCRen,-0.209136879473631
4qrr.pdb,WPNHMVVCY,TCRen,-0.204049776024103
4qrr.pdb,EPMDPVPFY,TCRen,-0.196625666838592
4qrr.pdb,RPQIMPFAY,TCRen,-0.183775652517468
4qrr.pdb,GPMIGWLRY,TCRen,-0.180211828048647
4qrr.pdb,CPMFIPHYY,TCRen,-0.17172645811865
4qrr.pdb,LPKNVAYSY,TCRen,-0.168368063278758
4qrr.pdb,QPPTDRYYY,TCRen,-0.137724739571328
4qrr.pdb,YPLWYQVNY,TCRen,-0.133937824895738
4qrr.pdb,SPRADPDVY,TCRen,-0.126688459240805
4qrr.pdb,DPQLQWLPY,TCRen,-0.121824748166222
4qrr.pdb,IPNMDPWLY,TCRen,-0.112023015553576
4qrr.pdb,DPWDFPAEY,TCRen,-0.103887015123201
4qrr.pdb,PPCRQIYKY,TCRen,-0.0965406081999286
4qrr.pdb,IPCWLALWY,TCRen,-0.0703425416328482
4qrr.pdb,IPLTNLYHY,TCRen,-0.0675739415255267
4qrr.pdb,QPRGLTWYY,TCRen,-0.0372948572854966
4qrr.pdb,FPSHYSAYY,TCRen,-0.0313107200318618
4qrr.pdb,FPMASQFIY,TCRen,-0.0299394319325628
4qrr.pdb,TPKVMEYDY,TCRen,-0.0279134116036387
4qrr.pdb,KPRIAIGWY,TCRen,-0.0246829238605307
4qrr.pdb,KPHEELVGY,TCRen,-0.0101432731244072
4qrr.pdb,GPWDQAPFY,TCRen,0.00240617972431498
4qrr.pdb,APAAWKWCY,TCRen,0.0353795094067666
4qrr.pdb,WPFIDYFFY,TCRen,0.039909528274382
4qrr.pdb,CPLIERLAY,TCRen,0.0419726042533996
4qrr.pdb,APWPMDVKY,TCRen,0.0429568810901538
4qrr.pdb,IPWRPALRY,TCRen,0.0459904299407149
4qrr.pdb,QPAPVKYCY,TCRen,0.0490998924236711
4qrr.pdb,NPGAHANNY,TCRen,0.0494740430567098
4qrr.pdb,VPECFHIYY,TCRen,0.0611965432641755
4qrr.pdb,MPRDLTFIY,TCRen,0.0630732754288764
4qrr.pdb,EPPQSIVQY,TCRen,0.0743364406400527
4qrr.pdb,SPQLEKYKY,TCRen,0.0819892686674383
4qrr.pdb,DPCLGIEPY,TCRen,0.105489751200942
4qrr.pdb,CPKIDPDLY,TCRen,0.109452722970257
4qrr.pdb,WPQANQRYY,TCRen,0.127366004409507
4qrr.pdb,PPHEELWKY,TCRen,0.130742884184127
4qrr.pdb,SPTELSYLY,TCRen,0.133137850274184
4qrr.pdb,RPKMFVSIY,TCRen,0.137556402697609
4qrr.pdb,FPFDLVEDY,TCRen,0.15562607694038
4qrr.pdb,YPLRIVLPY,TCRen,0.159739365297589
4qrr.pdb,CPNDIKVLY,TCRen,0.173101531618251
4qrr.pdb,DPWLSVWSY,TCRen,0.209417850979823
4qrr.pdb,WPKVFKPPY,TCRen,0.213613691708551
4qrr.pdb,GPWCINYPY,TCRen,0.219966031199555
4qrr.pdb,PPDFHHVTY,TCRen,0.220326736816361
4qrr.pdb,MPNIGRHAY,TCRen,0.23393342744492
4qrr.pdb,PPDWSLVHY,TCRen,0.234519690569685
4qrr.pdb,FPFIVNHCY,TCRen,0.252795293263175
4qrr.pdb,SPGETVHTY,TCRen,0.274823862566002
4qrr.pdb,VPMVSPQAY,TCRen,0.297829798637892
4qrr.pdb,HPFPVSQRY,TCRen,0.298309722862335
4qrr.pdb,APGCIHVGY,TCRen,0.3024401860167
4qrr.pdb,WPSDFYRTY,TCRen,0.305728388918252
4qrr.pdb,CPDEFQHKY,TCRen,0.308310949524426
4qrr.pdb,NPQVYYGSY,TCRen,0.313821060136393
4qrr.pdb,KPVMYAEGY,TCRen,0.317702468695396
4qrr.pdb,YPVIDKACY,TCRen,0.320098991617754
4qrr.pdb,TPWEKADRY,TCRen,0.325651119722972
4qrr.pdb,QPNNDPAPY,TCRen,0.329481462032901
4qrr.pdb,SPTWLHHCY,TCRen,0.335993517100026
4qrr.pdb,YPEPTQAVY,TCRen,0.383406798140379
4qrr.pdb,CPHFPYIQY,TCRen,0.39317727618834
4qrr.pdb,WPVADGTGY,TCRen,0.394243707797551
4qrr.pdb,LPKDHHIGY,TCRen,0.394336924155611
4qrr.pdb,KPEQWWHYY,TCRen,0.395106516990954
4qrr.pdb,PPMCVMYNY,TCRen,0.400108333278543
4qrr.pdb,RPQTAYTIY,TCRen,0.406586625553115
4qrr.pdb,RPHMAFIYY,TCRen,0.41081674141951
4qrr.pdb,VPCSETVCY,TCRen,0.417455260668807
4qrr.pdb,IPLCGHLRY,TCRen,0.419097551814176
4qrr.pdb,CPIKCIYEY,TCRen,0.429129583840165
4qrr.pdb,PPYPWYQWY,TCRen,0.437758068734071
4qrr.pdb,EPGDKHPLY,TCRen,0.439746688270683
4qrr.pdb,GPRAKFHSY,TCRen,0.44732210357062
4qrr.pdb,LPPNMVHQY,TCRen,0.455332988715477
4qrr.pdb,DPYCSYKYY,TCRen,0.463909892940611
4qrr.pdb,YPAMMWKPY,TCRen,0.464548447974148
4qrr.pdb,MPFAEIKMY,TCRen,0.47145812520549
4qrr.pdb,TPERKVLYY,TCRen,0.492216468644766
4qrr.pdb,LPMWDIDHY,TCRen,0.496030406815804
4qrr.pdb,VPCPKLIEY,TCRen,0.510610565967781
4qrr.pdb,DPCHVTHQY,TCRen,0.517099424691999
4qrr.pdb,GPCCDEHPY,TCRen,0.524173344152635
4qrr.pdb,RPDDLPFNY,TCRen,0.524391139319808
4qrr.pdb,WPKAMDIDY,TCRen,0.526898451774841
4qrr.pdb,PPKAHHTSY,TCRen,0.527151388084524
4qrr.pdb,NPDAHMIGY,TCRen,0.532086879711041
4qrr.pdb,NPIHFWARY,TCRen,0.55533780601288
4qrr.pdb,IPVLDGTAY,TCRen,0.555623720520041
4qrr.pdb,CPVSTTWAY,TCRen,0.558282400760886
4qrr.pdb,NPPLWLGLY,TCRen,0.57086622917147
4qrr.pdb,YPTMVFPYY,TCRen,0.577715965197094
4qrr.pdb,GPKWFQHCY,TCRen,0.578357747295374
4qrr.pdb,RPIVNRYIY,TCRen,0.581268966403036
4qrr.pdb,EPGVRAGSY,TCRen,0.587643154386566
4qrr.pdb,GPYVFGFTY,TCRen,0.59401790910595
4qrr.pdb,MPMLVHQIY,TCRen,0.599921435819423
4qrr.pdb,YPFNTHYKY,TCRen,0.601974745812034
4qrr.pdb,QPRDSKYCY,TCRen,0.604435796247806
4qrr.pdb,MPHLSWIPY,TCRen,0.608470980089625
4qrr.pdb,YPRDATFWY,TCRen,0.61022858911575
4qrr.pdb,TPLCEWHIY,TCRen,0.613487042258161
4qrr.pdb,GPMVQWPNY,TCRen,0.630249118701681
4qrr.pdb,MPPMDKAQY,TCRen,0.638265562469131
4qrr.pdb,FPWWYTFRY,TCRen,0.64603385274403
4qrr.pdb,EPMDNISKY,TCRen,0.665455246806212
4qrr.pdb,NPCVSSLFY,TCRen,0.667508468579134
4qrr.pdb,DPYDLELLY,TCRen,0.667853076116786
4qrr.pdb,YPMTWLKHY,TCRen,0.674582287201959
4qrr.pdb,GPRDKLGNY,TCRen,0.675873107825802
4qrr.pdb,PPAWPADEY,TCRen,0.677210682900973
4qrr.pdb,HPDTLQLVY,TCRen,0.680056724714646
4qrr.pdb,VPWDPMHFY,TCRen,0.683201209885555
4qrr.pdb,GPWKPTLHY,TCRen,0.689670435383554
4qrr.pdb,DPNEYTDRY,TCRen,0.709004585778465
4qrr.pdb,DPYIEPFCY,TCRen,0.709421612699799
4qrr.pdb,NPARLTVKY,TCRen,0.729196330729378
4qrr.pdb,MPCIQRANY,TCRen,0.734436834881643
4qrr.pdb,NPNMLGPDY,TCRen,0.743513179153505
4qrr.pdb,DPIPIDPPY,TCRen,0.745856035320748
4qrr.pdb,MPMWLVPWY,TCRen,0.758399963873523
4qrr.pdb,CPGDAGPWY,TCRen,0.763138001608148
4qrr.pdb,IPEPIWRPY,TCRen,0.7650376323239
4qrr.pdb,IPVNPLFPY,TCRen,0.76649454513499
4qrr.pdb,DPQACLQGY,TCRen,0.768040012449895
4qrr.pdb,HPRKVQHSY,TCRen,0.768782070749788
4qrr.pdb,HPQKWARQY,TCRen,0.773731168495318
4qrr.pdb,GPAEPIGKY,TCRen,0.781616748574382
4qrr.pdb,DPLCPQHWY,TCRen,0.78177838116957
4qrr.pdb,TPLPIFAQY,TCRen,0.787553241701265
4qrr.pdb,DPATWASTY,TCRen,0.790895411294022
4qrr.pdb,VPHMFMHEY,TCRen,0.792495939695594
4qrr.pdb,YPIIKTIFY,TCRen,0.792759268654342
4qrr.pdb,IPELPVTSY,TCRen,0.792976503681668
4qrr.pdb,EPHAYPSEY,TCRen,0.794373655881462
4qrr.pdb,TPWLTMVDY,TCRen,0.805538381001813
4qrr.pdb,TPKMKFVQY,TCRen,0.809859730576438
4qrr.pdb,YPNMHTRKY,TCRen,0.818166477532992
4qrr.pdb,LPAHYHLQY,TCRen,0.823098111874247
4qrr.pdb,FPWDEKFAY,TCRen,0.826307781354122
4qrr.pdb,FPEFLGFPY,TCRen,0.827549714752314
4qrr.pdb,TPRHVRVAY,TCRen,0.828260509574787
4qrr.pdb,FPALCLLCY,TCRen,0.832310080263766
4qrr.pdb,TPVTGSDAY,TCRen,0.856399397294528
4qrr.pdb,EPEVGEHDY,TCRen,0.857710872878658
4qrr.pdb,FPKLFFHQY,TCRen,0.858947742455087
4qrr.pdb,LPKTMYEKY,TCRen,0.865222230110803
4qrr.pdb,KPYWQLPNY,TCRen,0.897530962436314
4qrr.pdb,CPQGPLWFY,TCRen,0.900553749795442
4qrr.pdb,RPEGDPHHY,TCRen,0.910045123132427
4qrr.pdb,DPRIHRDAY,TCRen,0.910215045398938
4qrr.pdb,IPAILRHVY,TCRen,0.911121988124065
4qrr.pdb,GPQGPTKRY,TCRen,0.911806876990926
4qrr.pdb,EPEYYIWNY,TCRen,0.918824637700517
4qrr.pdb,EPIWTYQRY,TCRen,0.926775515617345
4qrr.pdb,KPEDVEWCY,TCRen,0.928017485274502
4qrr.pdb,IPLETPAKY,TCRen,0.928367812658444
4qrr.pdb,IPCEMWYTY,TCRen,0.929047396543703
4qrr.pdb,DPHQKTYHY,TCRen,0.936086500214406
4qrr.pdb,CPSQQLAVY,TCRen,0.941825187697905
4qrr.pdb,EPWCHMWAY,TCRen,0.948983750220915
4qrr.pdb,WPFVKPSRY,TCRen,0.950435394396534
4qrr.pdb,APFDTYAMY,TCRen,0.953779442160608
4qrr.pdb,WPQVMWPHY,TCRen,0.956865370343629
4qrr.pdb,EPHRMVDAY,TCRen,0.95686704797096
4qrr.pdb,YPGHNYHDY,TCRen,0.957520821897346
4qrr.pdb,IPSIDWTLY,TCRen,0.958740925801646
4qrr.pdb,MPSKPKWAY,TCRen,0.965478465334139
4qrr.pdb,YPPKNSWAY,TCRen,0.969027867132963
4qrr.pdb,DPLMTYQGY,TCRen,0.973036481197248
4qrr.pdb,YPCHHSVCY,TCRen,0.975694478642816
4qrr.pdb,LPSLMAGSY,TCRen,0.977291176479615
4qrr.pdb,FPSICIENY,TCRen,0.977663295077449
4qrr.pdb,NPTIVWGLY,TCRen,0.983822666998502
4qrr.pdb,YPENNYLRY,TCRen,0.984521137453757
4qrr.pdb,HPLNEVRYY,TCRen,0.990275900653441
4qrr.pdb,GPYTWWWGY,TCRen,1.01135341316236
4qrr.pdb,EPDPVLMQY,TCRen,1.0121083465022
4qrr.pdb,VPCQLVPCY,TCRen,1.0126264473983
4qrr.pdb,YPLWQGVEY,TCRen,1.01383610244936
4qrr.pdb,WPSEWSFAY,TCRen,1.02209684399118
4qrr.pdb,RPPQDTHWY,TCRen,1.02685145546146
4qrr.pdb,TPWDPGQCY,TCRen,1.03932760426878
4qrr.pdb,LPGGELPQY,TCRen,1.06210612930207
4qrr.pdb,HPFQQFVAY,TCRen,1.06442786257136
4qrr.pdb,APVTYLHMY,TCRen,1.06967900940987
4qrr.pdb,GPWFTTDRY,TCRen,1.07853188971078
4qrr.pdb,APNTPHPWY,TCRen,1.07870463152596
4qrr.pdb,KPDLAGKQY,TCRen,1.07896398933698
4qrr.pdb,MPQAEGSSY,TCRen,1.08473509632238
4qrr.pdb,TPSVRRPAY,TCRen,1.08740252499092
4qrr.pdb,YPTPQEIRY,TCRen,1.08873259022482
4qrr.pdb,EPNCKHLCY,TCRen,1.08881512466569
4qrr.pdb,RPPFNVPNY,TCRen,1.09162844022821
4qrr.pdb,VPSCEKYDY,TCRen,1.09434015485316
4qrr.pdb,PPSGEVDWY,TCRen,1.10044491813731
4qrr.pdb,DPDDSDATY,TCRen,1.10653634487248
4qrr.pdb,TPFVQQKSY,TCRen,1.1111448376382
4qrr.pdb,WPCGYHFKY,TCRen,1.11728686526533
4qrr.pdb,TPLMGKIPY,TCRen,1.11920001743962
4qrr.pdb,MPVYFYHDY,TCRen,1.12091868233856
4qrr.pdb,YPNCNAPDY,TCRen,1.12773530249196
4qrr.pdb,CPEKIQQPY,TCRen,1.13349179795809
4qrr.pdb,KPWKAFYVY,TCRen,1.13710105618341
4qrr.pdb,NPKIACASY,TCRen,1.1404783317601
4qrr.pdb,LPLLFKAGY,TCRen,1.14355857125245
4qrr.pdb,VPDMETQGY,TCRen,1.14819233894291
4qrr.pdb,EPSVNLNAY,TCRen,1.14852778224617
4qrr.pdb,IPWLSKVDY,TCRen,1.15171227989409
4qrr.pdb,KPEIRTRDY,TCRen,1.15360102262676
4qrr.pdb,APTIDRDKY,TCRen,1.15956268067141
4qrr.pdb,YPPQYMVLY,TCRen,1.16591380024607
4qrr.pdb,SPQHRSLRY,TCRen,1.17085640404627
4qrr.pdb,NPTYRLVIY,TCRen,1.17170317051859
4qrr.pdb,NPAKGQWIY,TCRen,1.17242259114683
4qrr.pdb,KPMLEHGNY,TCRen,1.17507780434365
4qrr.pdb,VPYTILFSY,TCRen,1.17610611038605
4qrr.pdb,PPCEDTIDY,TCRen,1.17691590559318
4qrr.pdb,DPAWLNAKY,TCRen,1.17887939926789
4qrr.pdb,NPRQEDAYY,TCRen,1.18183189283588
4qrr.pdb,YPVMQTGLY,TCRen,1.20349400150008
4qrr.pdb,WPVCPTFLY,TCRen,1.20446398082579
4qrr.pdb,GPWEMADSY,TCRen,1.21264981376614
4qrr.pdb,WPGPFCLLY,TCRen,1.2187519441607
4qrr.pdb,FPHGKMVKY,TCRen,1.22911911084683
4qrr.pdb,QPQPWETPY,TCRen,1.24636967022866
4qrr.pdb,CPLHYWLNY,TCRen,1.25138759163108
4qrr.pdb,HPPCCQYQY,TCRen,1.25222935335777
4qrr.pdb,LPFRILVEY,TCRen,1.25319301684813
4qrr.pdb,VPCPMKLCY,TCRen,1.25674930637726
4qrr.pdb,IPGEKVDCY,TCRen,1.26151227747588
4qrr.pdb,WPIMDVCAY,TCRen,1.27130309139984
4qrr.pdb,KPCNLAFQY,TCRen,1.27250534754924
4qrr.pdb,RPKDGTSKY,TCRen,1.27846271577009
4qrr.pdb,DPWYAHVDY,TCRen,1.28064615508342
4qrr.pdb,MPYSQNAYY,TCRen,1.28290936221785
4qrr.pdb,NPWTFCAIY,TCRen,1.28536288288158
4qrr.pdb,YPPIHGTCY,TCRen,1.28808387602662
4qrr.pdb,EPGVWFKDY,TCRen,1.29047645605295
4qrr.pdb,SPICKVTLY,TCRen,1.30851213552265
4qrr.pdb,FPWQAWPAY,TCRen,1.30967691821968
4qrr.pdb,CPTTSRLAY,TCRen,1.32440396669995
4qrr.pdb,EPYAQTNDY,TCRen,1.32649809811794
4qrr.pdb,CPCPHEWQY,TCRen,1.33214878217123
4qrr.pdb,KPCGMRHAY,TCRen,1.33512398960523
4qrr.pdb,KPGACPQDY,TCRen,1.34454349673417
4qrr.pdb,YPVDMSQTY,TCRen,1.3522663806672
4qrr.pdb,MPCKHGWTY,TCRen,1.36099454876791
4qrr.pdb,APMKPLQHY,TCRen,1.36127723477774
4qrr.pdb,QPWEYYMRY,TCRen,1.36184530846652
4qrr.pdb,NPNMWQQWY,TCRen,1.36527958869802
4qrr.pdb,KPMIDRDNY,TCRen,1.36805523735651
4qrr.pdb,LPTTTPDIY,TCRen,1.37977676169969
4qrr.pdb,YPVDFVCRY,TCRen,1.38630695630315
4qrr.pdb,NPGCTRAAY,TCRen,1.388875122356
4qrr.pdb,NPHYYTYVY,TCRen,1.39051536939185
4qrr.pdb,VPFHQWALY,TCRen,1.40199038950129
4qrr.pdb,WPHTDMWGY,TCRen,1.40387030669971
4qrr.pdb,EPDMVWQCY,TCRen,1.41101631107807
4qrr.pdb,KPNFKDYQY,TCRen,1.41293197841544
4qrr.pdb,QPQGAPWVY,TCRen,1.42252547420976
4qrr.pdb,IPMQARYIY,TCRen,1.42386184993585
4qrr.pdb,GPGVWFPWY,TCRen,1.42612539183554
4qrr.pdb,IPKYTIHTY,TCRen,1.43125804040526
4qrr.pdb,HPKNLKYKY,TCRen,1.43400316272061
4qrr.pdb,SPHMNQKIY,TCRen,1.43870481738441
4qrr.pdb,HPAPNWINY,TCRen,1.44256328807479
4qrr.pdb,APTSFIRHY,TCRen,1.448804903195
4qrr.pdb,GPTNQVTRY,TCRen,1.4519232900966
4qrr.pdb,WPAQAISNY,TCRen,1.45205379954148
4qrr.pdb,DPWNNTWYY,TCRen,1.46849004439089
4qrr.pdb,NPLCECLAY,TCRen,1.47165394087108
4qrr.pdb,RPHANDDQY,TCRen,1.47601540150998
4qrr.pdb,QPYMHRKYY,TCRen,1.48039104351718
4qrr.pdb,QPTSGTLQY,TCRen,1.48700703354829
4qrr.pdb,WPNCWLEDY,TCRen,1.49942204289819
4qrr.pdb,KPSHGYEAY,TCRen,1.50166685181491
4qrr.pdb,CPDQPHPNY,TCRen,1.51157513093471
4qrr.pdb,EPNMCTLFY,TCRen,1.51642921257665
4qrr.pdb,PPFIHNKNY,TCRen,1.51735279273131
4qrr.pdb,VPMMLHRFY,TCRen,1.51957191304599
4qrr.pdb,RPVFDKDPY,TCRen,1.52516577297224
4qrr.pdb,KPPGVLQGY,TCRen,1.52618725137678
4qrr.pdb,HPQDESECY,TCRen,1.52997567654431
4qrr.pdb,YPFLVTTSY,TCRen,1.53558324905758
4qrr.pdb,MPFHSFHYY,TCRen,1.53564986281424
4qrr.pdb,HPGICYQEY,TCRen,1.54328231240736
4qrr.pdb,SPFWLWTAY,TCRen,1.54596054664464
4qrr.pdb,MPAKSKWPY,TCRen,1.5477887613612
4qrr.pdb,IPYQTYEAY,TCRen,1.54826762204763
4qrr.pdb,DPKCPNVEY,TCRen,1.55246899958538
4qrr.pdb,RPQAKSSFY,TCRen,1.55621205444685
4qrr.pdb,LPRTTHDHY,TCRen,1.5582192681438
4qrr.pdb,LPRFKVGQY,TCRen,1.5616497386993
4qrr.pdb,APAKEVMNY,TCRen,1.56289944073819
4qrr.pdb,NPMRAGIAY,TCRen,1.56326367498712
4qrr.pdb,PPYVPEFTY,TCRen,1.56622038758084
4qrr.pdb,FPTTLKWQY,TCRen,1.57115508039329
4qrr.pdb,HPGMGWPDY,TCRen,1.57548540184282
4qrr.pdb,MPGPRHSLY,TCRen,1.57727227824715
4qrr.pdb,CPRLLNTAY,TCRen,1.57986893229058
4qrr.pdb,CPCLLEINY,TCRen,1.58049626773547
4qrr.pdb,YPPIEPEWY,TCRen,1.58308073526257
4qrr.pdb,QPFITFWEY,TCRen,1.59057026974848
4qrr.pdb,APKTRGDLY,TCRen,1.59313613887103
4qrr.pdb,MPKWESEYY,TCRen,1.60817398759457
4qrr.pdb,MPMKWEWIY,TCRen,1.6224051541993
4qrr.pdb,IPMGFTPHY,TCRen,1.62479622785501
4qrr.pdb,APRQVAQFY,TCRen,1.62662906783967
4qrr.pdb,KPYSNPVTY,TCRen,1.62789590253123
4qrr.pdb,NPLAKYTMY,TCRen,1.63497327839539
4qrr.pdb,RPNCFHQDY,TCRen,1.63566533670595
4qrr.pdb,IPCTYFTYY,TCRen,1.63588881028182
4qrr.pdb,HPVVNDPKY,TCRen,1.63728815664205
4qrr.pdb,HPQANWTGY,TCRen,1.64432177611325
4qrr.pdb,FPSPDHSFY,TCRen,1.64524076049296
4qrr.pdb,WPFPMDWSY,TCRen,1.6497159271499
4qrr.pdb,MPPATQMWY,TCRen,1.66247400910528
4qrr.pdb,LPDMVNIVY,TCRen,1.66658420709913
4qrr.pdb,FPEGMAQFY,TCRen,1.66841901085135
4qrr.pdb,CPVMFHSEY,TCRen,1.66962899216822
4qrr.pdb,KPQLTKFAY,TCRen,1.67893792735304
4qrr.pdb,LPLFCVKNY,TCRen,1.68635805887547
4qrr.pdb,VPDKEEWKY,TCRen,1.69466266587335
4qrr.pdb,VPLMLMKCY,TCRen,1.70402133442535
4qrr.pdb,GPDNWYPWY,TCRen,1.70972154790456
4qrr.pdb,FPFDNHELY,TCRen,1.70992373537615
4qrr.pdb,APPLETTEY,TCRen,1.71022201014068
4qrr.pdb,YPNMSHNPY,TCRen,1.71234786542063
4qrr.pdb,HPEWIFLIY,TCRen,1.71550148740247
4qrr.pdb,EPLMECHSY,TCRen,1.71858924612932
4qrr.pdb,HPFYNAPYY,TCRen,1.7213739087213
4qrr.pdb,LPQFEHTNY,TCRen,1.72165943302064
4qrr.pdb,TPPFRFAIY,TCRen,1.72666824896919
4qrr.pdb,FPMLICDYY,TCRen,1.73701588928435
4qrr.pdb,NPIFAQPEY,TCRen,1.74265996297901
4qrr.pdb,APMQFTSYY,TCRen,1.74578380763436
4qrr.pdb,LPQGVLGHY,TCRen,1.75000772622184
4qrr.pdb,RPAVRKPDY,TCRen,1.75169178130961
4qrr.pdb,HPKMLNPCY,TCRen,1.76406327142087
4qrr.pdb,APAGPYETY,TCRen,1.76662416180404
4qrr.pdb,VPYNFTWVY,TCRen,1.76686401678122
4qrr.pdb,TPTLVCQAY,TCRen,1.77731148057357
4qrr.pdb,SPFEDQDCY,TCRen,1.77743630933589
4qrr.pdb,MPMGQQGYY,TCRen,1.7783899322422
4qrr.pdb,HPDPWFKCY,TCRen,1.77994011227938
4qrr.pdb,IPSQHVTQY,TCRen,1.78530386508846
4qrr.pdb,SPCYPQIAY,TCRen,1.79207110711688
4qrr.pdb,IPMQPQIQY,TCRen,1.79327725380864
4qrr.pdb,VPKMKDRYY,TCRen,1.79488083515595
4qrr.pdb,SPFLNSRRY,TCRen,1.81417665640894
4qrr.pdb,NPCVDWMCY,TCRen,1.81468062331377
4qrr.pdb,YPPKNQLTY,TCRen,1.81625756232486
4qrr.pdb,YPTGRYKHY,TCRen,1.81656901383554
4qrr.pdb,DPGHHWHWY,TCRen,1.81698319587638
4qrr.pdb,IPFKDRACY,TCRen,1.82054431442242
4qrr.pdb,APFELEVVY,TCRen,1.82357784431129
4qrr.pdb,YPVASNGQY,TCRen,1.82494826316299
4qrr.pdb,SPSDIDISY,TCRen,1.83658628266091
4qrr.pdb,NPNTYDRRY,TCRen,1.83669154010731
4qrr.pdb,PPEPHNKLY,TCRen,1.83923830882326
4qrr.pdb,GPVINQGDY,TCRen,1.8431011688388
4qrr.pdb,MPYRLIMPY,TCRen,1.84465743370463
4qrr.pdb,VPTFTMDYY,TCRen,1.87828837043764
4qrr.pdb,YPVPIYNGY,TCRen,1.88737831060035
4qrr.pdb,NPFPHNPCY,TCRen,1.89379868908119
4qrr.pdb,IPTRSLHWY,TCRen,1.89570820514841
4qrr.pdb,RPILCPPIY,TCRen,1.90969864175606
4qrr.pdb,FPFNFRYLY,TCRen,1.91541968610116
4qrr.pdb,QPQAQKTEY,TCRen,1.91586434346874
4qrr.pdb,QPGTEQNPY,TCRen,1.92135321317028
4qrr.pdb,LPNMKETYY,TCRen,1.92900202252385
4qrr.pdb,EPFGQNYEY,TCRen,1.93413405450299
4qrr.pdb,NPMAQTCKY,TCRen,1.94203456654737
4qrr.pdb,MPGKNAGTY,TCRen,1.94641037146971
4qrr.pdb,TPHTVRPIY,TCRen,1.9472056732321
4qrr.pdb,GPFQDPTRY,TCRen,1.94742973576642
4qrr.pdb,TPWAIEGSY,TCRen,1.95232013700119
4qrr.pdb,YPWEMSICY,TCRen,1.96105781190808
4qrr.pdb,EPDPPEFTY,TCRen,1.96562419377292
4qrr.pdb,GPDKYELHY,TCRen,1.97258578494124
4qrr.pdb,NPDEDQFTY,TCRen,1.97497558502624
4qrr.pdb,KPTTYPRWY,TCRen,1.9795739869412
4qrr.pdb,FPLHEFHDY,TCRen,1.98375856793283
4qrr.pdb,DPHVYNGGY,TCRen,1.99602966752604
4qrr.pdb,VPGKLFAFY,TCRen,2.00816661694827
4qrr.pdb,FPQKEVNNY,TCRen,2.01922005765712
4qrr.pdb,SPEVNQETY,TCRen,2.02410927958474
4qrr.pdb,DPWQVFWIY,TCRen,2.02699398266102
4qrr.pdb,NPRVENSLY,TCRen,2.0341484206605
4qrr.pdb,VPVQLLFFY,TCRen,2.0374195951292
4qrr.pdb,VPFQHQPLY,TCRen,2.043109901467
4qrr.pdb,MPMWMYRFY,TCRen,2.04503855841407
4qrr.pdb,EPGHMVREY,TCRen,2.05512282454898
4qrr.pdb,FPWTLNSPY,TCRen,2.05577678555538
4qrr.pdb,GPFIWICVY,TCRen,2.05625073659435
4qrr.pdb,NPTNVQFIY,TCRen,2.05793260758487
4qrr.pdb,IPDCVIDMY,TCRen,2.06618462935006
4qrr.pdb,HPHNLSLWY,TCRen,2.07035828908703
4qrr.pdb,GPDEAHKFY,TCRen,2.07490556282937
4qrr.pdb,DPGVNCASY,TCRen,2.07812231328158
4qrr.pdb,FPQHNWYSY,TCRen,2.08013265741596
4qrr.pdb,YPVTFQEGY,TCRen,2.08066035173394
4qrr.pdb,APYMMFPHY,TCRen,2.08224234217128
4qrr.pdb,SPMMAHMFY,TCRen,2.08334385301194
4qrr.pdb,APHCFQTQY,TCRen,2.0868544810284
4qrr.pdb,YPHHGWFAY,TCRen,2.09755046924774
4qrr.pdb,EPGHLVMDY,TCRen,2.09945998911624
4qrr.pdb,PPKKMFHEY,TCRen,2.10018876813887
4qrr.pdb,HPWAGSNTY,TCRen,2.10411401566964
4qrr.pdb,APRCHPYMY,TCRen,2.1048955776195
4qrr.pdb,EPHKQNFYY,TCRen,2.10596928515187
4qrr.pdb,KPMPIMQTY,TCRen,2.11217642354904
4qrr.pdb,VPCLWGGFY,TCRen,2.1188442109355
4qrr.pdb,FPFVECMPY,TCRen,2.11995070033668
4qrr.pdb,WPYEMHKGY,TCRen,2.12207392604674
4qrr.pdb,GPMVLDMIY,TCRen,2.12312826977904
4qrr.pdb,FPGYVGATY,TCRen,2.12377678028877
4qrr.pdb,IPMDCFLCY,TCRen,2.12562268116748
4qrr.pdb,WPISKWASY,TCRen,2.12704509031868
4qrr.pdb,TPTCSGSYY,TCRen,2.15136461168797
4qrr.pdb,GPSLFMKWY,TCRen,2.15998533195085
4qrr.pdb,NPGHPMLGY,TCRen,2.16481744934254
4qrr.pdb,HPYNHPPKY,TCRen,2.17872045223416
4qrr.pdb,EPIILWNLY,TCRen,2.18353467632054
4qrr.pdb,HPKGKYQEY,TCRen,2.18479881178952
4qrr.pdb,EPVYVPKAY,TCRen,2.18723797940486
4qrr.pdb,HPSQATVMY,TCRen,2.19152903771228
4qrr.pdb,SPAMYNRQY,TCRen,2.19523065658603
4qrr.pdb,GPGLMGMIY,TCRen,2.19707768586635
4qrr.pdb,LPDRRLRAY,TCRen,2.20064989652745
4qrr.pdb,IPGQYPFQY,TCRen,2.20224322108463
4qrr.pdb,EPWKLTGVY,TCRen,2.20266722805421
4qrr.pdb,MPNTVCDIY,TCRen,2.21504779905751
4qrr.pdb,CPNEWMWWY,TCRen,2.21722701984091
4qrr.pdb,MPVQLEDPY,TCRen,2.22017462157221
4qrr.pdb,SPVQMTTKY,TCRen,2.22725036248045
4qrr.pdb,KPKVSCWFY,TCRen,2.2313253834181
4qrr.pdb,VPIGEQQQY,TCRen,2.25052545975625
4qrr.pdb,APWIKEFHY,TCRen,2.25897235571188
4qrr.pdb,NPDVMNEDY,TCRen,2.26105974714329
4qrr.pdb,LPVYANLPY,TCRen,2.26950279394954
4qrr.pdb,TPIEVDRYY,TCRen,2.27297134936433
4qrr.pdb,HPAGTPGRY,TCRen,2.28136420522401
4qrr.pdb,KPHNTFVNY,TCRen,2.28539007345206
4qrr.pdb,CPASPNASY,TCRen,2.29153930483034
4qrr.pdb,YPFTWEFDY,TCRen,2.29862007972387
4qrr.pdb,GPIAACNKY,TCRen,2.31171791694227
4qrr.pdb,YPKEFSDSY,TCRen,2.31316859786715
4qrr.pdb,SPPIYTCIY,TCRen,2.31641972798941
4qrr.pdb,IPKISCWFY,TCRen,2.31862135335581
4qrr.pdb,GPVRRWYGY,TCRen,2.31897362348006
4qrr.pdb,EPPRRLWWY,TCRen,2.3198041631687
4qrr.pdb,FPKCNPEPY,TCRen,2.32165285556466
4qrr.pdb,HPVIREKGY,TCRen,2.32907660630559
4qrr.pdb,GPSNDLQEY,TCRen,2.33088480408191
4qrr.pdb,HPQKCDYTY,TCRen,2.33488794767424
4qrr.pdb,VPGCFWFVY,TCRen,2.33525008618105
4qrr.pdb,NPLYTYRYY,TCRen,2.34173906005928
4qrr.pdb,VPIDMEQTY,TCRen,2.35101258294858
4qrr.pdb,QPKWKQDVY,TCRen,2.35523316870031
4qrr.pdb,MPILTWENY,TCRen,2.35568764839832
4qrr.pdb,TPTECADFY,TCRen,2.35747193427809
4qrr.pdb,IPMVSFELY,TCRen,2.36533658694027
4qrr.pdb,EPQLGNEAY,TCRen,2.36650711391926
4qrr.pdb,IPTKRRPPY,TCRen,2.36970904981318
4qrr.pdb,NPGPQNQDY,TCRen,2.37012960271041
4qrr.pdb,DPHLHRSPY,TCRen,2.37413592381434
4qrr.pdb,VPHGKDHHY,TCRen,2.37759744754099
4qrr.pdb,HPLPVRSIY,TCRen,2.38576004941614
4qrr.pdb,HPAQKQKIY,TCRen,2.39087096381133
4qrr.pdb,MPTKVSETY,TCRen,2.39248479637911
4qrr.pdb,FPAIQYEMY,TCRen,2.39595654409368
4qrr.pdb,VPNQDHSNY,TCRen,2.39753622383257
4qrr.pdb,DPWSDFDKY,TCRen,2.39896283260207
4qrr.pdb,QPAKAGTVY,TCRen,2.39964910096343
4qrr.pdb,MPPAICRFY,TCRen,2.40987858511706
4qrr.pdb,GPFTARPTY,TCRen,2.41200407055686
4qrr.pdb,FPNWFNWSY,TCRen,2.41826386719598
4qrr.pdb,RPDGPNLEY,TCRen,2.42066258777673
4qrr.pdb,LPWTTHEVY,TCRen,2.42140470708347
4qrr.pdb,NPPRKIPSY,TCRen,2.42354484061679
4qrr.pdb,FPDGGFWIY,TCRen,2.42395397843201
4qrr.pdb,IPNTPDTNY,TCRen,2.42397347721312
4qrr.pdb,DPLWVDDQY,TCRen,2.42503869368684
4qrr.pdb,PPLANMEEY,TCRen,2.42649320786155
4qrr.pdb,PPNKKLGFY,TCRen,2.42779316016516
4qrr.pdb,SPDGLGSIY,TCRen,2.4311238987685
4qrr.pdb,SPYFCNLRY,TCRen,2.43661272812205
4qrr.pdb,IPVCHERPY,TCRen,2.44806008145854
4qrr.pdb,KPQKYFIVY,TCRen,2.44977408139494
4qrr.pdb,HPQPPFTVY,TCRen,2.45654614522142
4qrr.pdb,YPACSDLTY,TCRen,2.45794848416708
4qrr.pdb,LPRLFEPFY,TCRen,2.45945459598586
4qrr.pdb,IPFGFCAHY,TCRen,2.46076592423335
4qrr.pdb,KPTMVSNCY,TCRen,2.46125404330561
4qrr.pdb,PPSGAKFKY,TCRen,2.46310750045793
4qrr.pdb,CPIGQMPIY,TCRen,2.46335370597467
4qrr.pdb,RPCWMGMRY,TCRen,2.4704471831613
4qrr.pdb,RPLDEKGHY,TCRen,2.47524779548045
4qrr.pdb,GPQGFRWQY,TCRen,2.48113700862792
4qrr.pdb,IPFSQGRKY,TCRen,2.48222396455307
4qrr.pdb,HPTTLYNFY,TCRen,2.48911900436823
4qrr.pdb,APEHAKRPY,TCRen,2.49194349922049
4qrr.pdb,SPPWLMKQY,TCRen,2.50065388071313
4qrr.pdb,MPQHKMAWY,TCRen,2.50797421863511
4qrr.pdb,CPIGIPVMY,TCRen,2.51358383279862
4qrr.pdb,RPNFIQTGY,TCRen,2.51562909601983
4qrr.pdb,MPEACNQGY,TCRen,2.54045235082421
4qrr.pdb,RPYQWCWKY,TCRen,2.54336261598064
4qrr.pdb,CPLNYWFNY,TCRen,2.55054956278772
4qrr.pdb,IPEFDGTSY,TCRen,2.56147905760942
4qrr.pdb,HPVERHFWY,TCRen,2.56245426897703
4qrr.pdb,QPGDQNNPY,TCRen,2.56710340106977
4qrr.pdb,NPQQTSITY,TCRen,2.56892141400613
4qrr.pdb,GPCGPKEPY,TCRen,2.57365278621167
4qrr.pdb,GPGSKHVMY,TCRen,2.57393769865643
4qrr.pdb,HPKTQYFMY,TCRen,2.59136860395147
4qrr.pdb,FPGRWRHKY,TCRen,2.5924360274607
4qrr.pdb,HPEFHPRHY,TCRen,2.60333839056332
4qrr.pdb,DPFATCGWY,TCRen,2.60424189019804
4qrr.pdb,APRHHYEFY,TCRen,2.60493291882193
4qrr.pdb,SPQWSFLHY,TCRen,2.60697438106684
4qrr.pdb,PPTKERGPY,TCRen,2.61093308669583
4qrr.pdb,LPQTKCWCY,TCRen,2.61147062410461
4qrr.pdb,EPERKAQHY,TCRen,2.61328078114436
4qrr.pdb,RPQYATGRY,TCRen,2.61840611087212
4qrr.pdb,MPFCHNICY,TCRen,2.62460597360222
4qrr.pdb,PPWWGNQPY,TCRen,2.6304677962741
4qrr.pdb,EPNYMVDSY,TCRen,2.63058275528574
4qrr.pdb,LPTCHDWFY,TCRen,2.63157901492708
4qrr.pdb,QPTECSQAY,TCRen,2.63328791095981
4qrr.pdb,QPPHPHSTY,TCRen,2.63490285647487
4qrr.pdb,HPGHSTTLY,TCRen,2.63539919064737
4qrr.pdb,KPTGDQGWY,TCRen,2.64354597706837
4qrr.pdb,VPAPDPNWY,TCRen,2.6493240136079
4qrr.pdb,RPPGACFRY,TCRen,2.65724466349577
4qrr.pdb,SPTDGKQTY,TCRen,2.65939847665513
4qrr.pdb,CPGCQINVY,TCRen,2.66009491562854
4qrr.pdb,TPVDSNENY,TCRen,2.66189793082252
4qrr.pdb,LPEWTHTVY,TCRen,2.67912174453945
4qrr.pdb,LPLNTTQIY,TCRen,2.67988452258668
4qrr.pdb,CPRTCFAVY,TCRen,2.68250275133532
4qrr.pdb,MPNKNIMHY,TCRen,2.69174462938929
4qrr.pdb,MPILSDFCY,TCRen,2.69286859920796
4qrr.pdb,FPNNQYSQY,TCRen,2.69636134699411
4qrr.pdb,WPKNCLWEY,TCRen,2.70361932725972
4qrr.pdb,KPECCITFY,TCRen,2.72433621397311
4qrr.pdb,SPTKMKSAY,TCRen,2.72469302782142
4qrr.pdb,HPITQMQTY,TCRen,2.72737659649391
4qrr.pdb,YPTKKDIQY,TCRen,2.7275987288249
4qrr.pdb,RPHKWWMIY,TCRen,2.73388992332877
4qrr.pdb,GPPYTSATY,TCRen,2.74968495231769
4qrr.pdb,MPAYFMVWY,TCRen,2.76209075248718
4qrr.pdb,DPWWHEITY,TCRen,2.76621285143324
4qrr.pdb,YPRHREFPY,TCRen,2.78356922677331
4qrr.pdb,LPIKSPGDY,TCRen,2.78518330561451
4qrr.pdb,PPLWGQGDY,TCRen,2.78521446540174
4qrr.pdb,SPRQNKYVY,TCRen,2.78550359913925
4qrr.pdb,NPGQAKFKY,TCRen,2.78698375059259
4qrr.pdb,SPQHVFFLY,TCRen,2.79379564797065
4qrr.pdb,WPCELFPCY,TCRen,2.8114171513669
4qrr.pdb,SPDKDFRLY,TCRen,2.8138734022097
4qrr.pdb,CPYPCFWFY,TCRen,2.82314511381254
4qrr.pdb,NPITTMGNY,TCRen,2.82823391849362
4qrr.pdb,YPIMTMSDY,TCRen,2.83528462719952
4qrr.pdb,RPCNSILMY,TCRen,2.83621258849496
4qrr.pdb,IPHQWSGCY,TCRen,2.84028336860965
4qrr.pdb,EPDAKWTMY,TCRen,2.84496980951329
4qrr.pdb,KPLNGTFQY,TCRen,2.84862663083856
4qrr.pdb,KPQFCYTVY,TCRen,2.85241096015676
4qrr.pdb,EPRQQFKRY,TCRen,2.85467784654805
4qrr.pdb,TPYFVKQQY,TCRen,2.86753686390717
4qrr.pdb,KPQETTGHY,TCRen,2.87660137473672
4qrr.pdb,LPDWYWSHY,TCRen,2.88669453797608
4qrr.pdb,GPASYDFDY,TCRen,2.88695231375614
4qrr.pdb,DPDYTMLRY,TCRen,2.88833109917547
4qrr.pdb,DPHYMPPKY,TCRen,2.8936763342454
4qrr.pdb,MPVGQVNHY,TCRen,2.89616762201969
4qrr.pdb,APLGPWAMY,TCRen,2.89989236922491
4qrr.pdb,SPSSTTNYY,TCRen,2.9038990606877
4qrr.pdb,FPLCTNWSY,TCRen,2.90519159362077
4qrr.pdb,APQWDDPFY,TCRen,2.9098525557749
4qrr.pdb,KPRMHCFVY,TCRen,2.92220875529557
4qrr.pdb,SPKMHFNRY,TCRen,2.92232154482922
4qrr.pdb,DPCGCQITY,TCRen,2.92528653856117
4qrr.pdb,APRRDEVFY,TCRen,2.92659480514531
4qrr.pdb,APHKTWRDY,TCRen,2.9413128742835
4qrr.pdb,RPSLPCDFY,TCRen,2.94795756369919
4qrr.pdb,IPTYVMAVY,TCRen,2.9595864517323
4qrr.pdb,PPEWKWMRY,TCRen,2.9604526947034
4qrr.pdb,CPTHMQTHY,TCRen,2.96220715951818
4qrr.pdb,KPKHKDILY,TCRen,2.96716517608117
4qrr.pdb,PPLIEWNFY,TCRen,2.97351676964321
4qrr.pdb,FPAHMKWWY,TCRen,2.97478363801218
4qrr.pdb,DPSFRVKMY,TCRen,2.99045366061888
4qrr.pdb,SPSNGSGRY,TCRen,2.9927397109606
4qrr.pdb,KPLNANQRY,TCRen,2.99413872627424
4qrr.pdb,KPVRKYQHY,TCRen,3.01144764194679
4qrr.pdb,KPGRDLMLY,TCRen,3.01250700985745
4qrr.pdb,DPNQRSKTY,TCRen,3.01504861282247
4qrr.pdb,WPQNNPGAY,TCRen,3.02576164648353
4qrr.pdb,MPPNCSAVY,TCRen,3.02789748596159
4qrr.pdb,LPMCDFKSY,TCRen,3.03148539134558
4qrr.pdb,HPFYNKYKY,TCRen,3.04010665359369
4qrr.pdb,QPEYKGASY,TCRen,3.04413290176735
4qrr.pdb,HPWYEGEPY,TCRen,3.04453690643264
4qrr.pdb,SPVGTEGAY,TCRen,3.04728193216849
4qrr.pdb,GPHGNMTAY,TCRen,3.05955886437148
4qrr.pdb,HPAEKGFFY,TCRen,3.06000521705205
4qrr.pdb,RPMLCINWY,TCRen,3.06175982528688
4qrr.pdb,APQLYDNKY,TCRen,3.06752127449452
4qrr.pdb,CPYRIRHNY,TCRen,3.06919257074048
4qrr.pdb,FPFLCYNQY,TCRen,3.07320103119441
4qrr.pdb,FPANTPKDY,TCRen,3.07708753769115
4qrr.pdb,VPQWYVSMY,TCRen,3.08117612351654
4qrr.pdb,HPCITRMIY,TCRen,3.08201110757991
4qrr.pdb,DPSNDTSHY,TCRen,3.08505240892467
4qrr.pdb,TPTCRCLHY,TCRen,3.10136243151549
4qrr.pdb,SPGFYEFSY,TCRen,3.10461214981654
4qrr.pdb,SPAYHASGY,TCRen,3.10756787304122
4qrr.pdb,CPVQLTEFY,TCRen,3.11855267906244
4qrr.pdb,WPLGLDTLY,TCRen,3.12433134739033
4qrr.pdb,MPWVCNTQY,TCRen,3.13635833213431
4qrr.pdb,MPFLLWDMY,TCRen,3.1407983326295
4qrr.pdb,WPSVNKREY,TCRen,3.1541445412464
4qrr.pdb,HPMRVSQQY,TCRen,3.15533389448221
4qrr.pdb,GPQQYCLEY,TCRen,3.16206560020025
4qrr.pdb,RPTGTSRGY,TCRen,3.16236664857511
4qrr.pdb,SPSWHFRNY,TCRen,3.16266414015115
4qrr.pdb,HPSYLNHTY,TCRen,3.17469980111871
4qrr.pdb,TPCETKFIY,TCRen,3.1884393878956
4qrr.pdb,HPIPGFGWY,TCRen,3.18891236470587
4qrr.pdb,TPDWCTKSY,TCRen,3.19064237814002
4qrr.pdb,WPTRADLVY,TCRen,3.20272602526426
4qrr.pdb,GPAPGKGVY,TCRen,3.20895684261559
4qrr.pdb,IPHFMFEIY,TCRen,3.22154841571898
4qrr.pdb,CPCYDANLY,TCRen,3.22633153020263
4qrr.pdb,FPKRHPRKY,TCRen,3.22852448468567
4qrr.pdb,IPWFMFSKY,TCRen,3.23540892239941
4qrr.pdb,DPDGGELFY,TCRen,3.24049467908994
4qrr.pdb,RPYYEVESY,TCRen,3.25014611855903
4qrr.pdb,SPMNQTMKY,TCRen,3.25157445337428
4qrr.pdb,VPWSLCDLY,TCRen,3.25427890943866
4qrr.pdb,APWHWEMPY,TCRen,3.25450882534803
4qrr.pdb,IPDQYRIHY,TCRen,3.26510227512237
4qrr.pdb,KPYMVPEMY,TCRen,3.27419456762409
4qrr.pdb,TPTYQTSRY,TCRen,3.2776305552878
4qrr.pdb,WPEPYPCDY,TCRen,3.27808076132535
4qrr.pdb,WPLNSVMGY,TCRen,3.29048995181603
4qrr.pdb,FPCTVRREY,TCRen,3.29294628111316
4qrr.pdb,HPYSTMIEY,TCRen,3.30160068556097
4qrr.pdb,WPIWQCITY,TCRen,3.30629989084754
4qrr.pdb,RPVLKCTNY,TCRen,3.32222478438343
4qrr.pdb,EPGRMSDHY,TCRen,3.32653285434556
4qrr.pdb,SPVDAHCFY,TCRen,3.33512064717327
4qrr.pdb,IPRSRWKEY,TCRen,3.33579290498285
4qrr.pdb,WPGSRWKEY,TCRen,3.33579290498285
4qrr.pdb,APASCDAGY,TCRen,3.34364207974001
4qrr.pdb,GPKTDCNYY,TCRen,3.34412001371526
4qrr.pdb,SPENRLSVY,TCRen,3.35142195820332
4qrr.pdb,YPTQQFIHY,TCRen,3.3607978856592
4qrr.pdb,LPYYGGWGY,TCRen,3.36374035590197
4qrr.pdb,MPETETTMY,TCRen,3.36901382762403
4qrr.pdb,GPPTNKFTY,TCRen,3.37176861703608
4qrr.pdb,QPGTDCHMY,TCRen,3.37743163399906
4qrr.pdb,DPCNGQDSY,TCRen,3.37879049067899
4qrr.pdb,KPHEKDIEY,TCRen,3.38366098049079
4qrr.pdb,CPMYRWIIY,TCRen,3.38524922795638
4qrr.pdb,FPPTTMNRY,TCRen,3.39338256832837
4qrr.pdb,FPDMRDSVY,TCRen,3.39699557226603
4qrr.pdb,DPSGKDISY,TCRen,3.39952415316626
4qrr.pdb,FPKQTMIVY,TCRen,3.41155189181613
4qrr.pdb,EPQLIFNKY,TCRen,3.41771196477268
4qrr.pdb,FPRTQYCTY,TCRen,3.41932418559437
4qrr.pdb,MPYRNTQKY,TCRen,3.42148468479634
4qrr.pdb,LPFIRFMWY,TCRen,3.44369210878834
4qrr.pdb,CPEPQHCCY,TCRen,3.45738237761264
4qrr.pdb,IPSTFESEY,TCRen,3.46327619553016
4qrr.pdb,RPPNAHNNY,TCRen,3.48021042639429
4qrr.pdb,WPNYGKIAY,TCRen,3.48818298371127
4qrr.pdb,HPDTECEDY,TCRen,3.5109996656466
4qrr.pdb,EPFCSEGIY,TCRen,3.5192415410053
4qrr.pdb,EPGFHCKCY,TCRen,3.52285385554009
4qrr.pdb,TPYQCVSEY,TCRen,3.55143936599578
4qrr.pdb,QPDSQMTQY,TCRen,3.551897190113
4qrr.pdb,APHSMDKVY,TCRen,3.55196681786993
4qrr.pdb,GPDKKFSIY,TCRen,3.55437407031358
4qrr.pdb,QPRGKRFLY,TCRen,3.55941398680084
4qrr.pdb,QPHVYDGMY,TCRen,3.56029011855787
4qrr.pdb,KPVDNKEWY,TCRen,3.56932461701528
4qrr.pdb,LPHQIEISY,TCRen,3.57152658624004
4qrr.pdb,DPDCARHMY,TCRen,3.57893026815804
4qrr.pdb,APFNCSKIY,TCRen,3.58884609925315
4qrr.pdb,HPHWCMKLY,TCRen,3.60050829666443
4qrr.pdb,GPGWYFGFY,TCRen,3.60618833327202
4qrr.pdb,WPAEKTIMY,TCRen,3.61243337747135
4qrr.pdb,KPYHYNQWY,TCRen,3.61378999289555
4qrr.pdb,WPQFYDMDY,TCRen,3.61925717371761
4qrr.pdb,NPETKSNGY,TCRen,3.62718314305731
4qrr.pdb,IPMLKMMHY,TCRen,3.6275855767779
4qrr.pdb,QPRQNSDFY,TCRen,3.6305175718639
4qrr.pdb,WPYNPWREY,TCRen,3.63572265253959
4qrr.pdb,HPLRGSTKY,TCRen,3.63579088856037
4qrr.pdb,GPEINRGSY,TCRen,3.63828993099903
4qrr.pdb,DPKCHNSDY,TCRen,3.65766403135332
4qrr.pdb,PPCYRKVEY,TCRen,3.66985067726838
4qrr.pdb,APNCVRQFY,TCRen,3.67237006232325
4qrr.pdb,EPIRLEEAY,TCRen,3.69161394769535
4qrr.pdb,TPGHPCRIY,TCRen,3.70716145963171
4qrr.pdb,YPAWCTEWY,TCRen,3.71932720488469
4qrr.pdb,CPAENCHFY,TCRen,3.72016464682317
4qrr.pdb,RPISCAPMY,TCRen,3.72558471039486
4qrr.pdb,MPCHKKPVY,TCRen,3.7310268267196
4qrr.pdb,RPTDNPQMY,TCRen,3.73277538657662
4qrr.pdb,PPMRWWSNY,TCRen,3.73299579870912
4qrr.pdb,WPLEMKRCY,TCRen,3.7348226835843
4qrr.pdb,GPERFCKRY,TCRen,3.74752630102491
4qrr.pdb,WPDGVNSHY,TCRen,3.75676131504657
4qrr.pdb,CPQRAWQWY,TCRen,3.76233681073166
4qrr.pdb,HPTNEKIFY,TCRen,3.76941198359607
4qrr.pdb,QPTDAMEMY,TCRen,3.77019577818568
4qrr.pdb,EPFFPWNGY,TCRen,3.77336249863137
4qrr.pdb,KPPFQRFSY,TCRen,3.78436256892832
4qrr.pdb,PPPKSRRNY,TCRen,3.79835433776028
4qrr.pdb,TPIHTCDNY,TCRen,3.80626760820015
4qrr.pdb,CPKETDKEY,TCRen,3.8063779743537
4qrr.pdb,MPSTGKMNY,TCRen,3.81496240723113
4qrr.pdb,DPGYEMWFY,TCRen,3.81499238512789
4qrr.pdb,WPQKEEEWY,TCRen,3.82435457458244
4qrr.pdb,TPIGDFGFY,TCRen,3.82998632721552
4qrr.pdb,GPAINWQMY,TCRen,3.83621171072629
4qrr.pdb,TPMYKFDRY,TCRen,3.83940651547452
4qrr.pdb,TPPLDENHY,TCRen,3.84789016192126
4qrr.pdb,EPMLCEQTY,TCRen,3.84855360854796
4qrr.pdb,GPQRADQLY,TCRen,3.84974793559809
4qrr.pdb,HPEYCSASY,TCRen,3.85215621093834
4qrr.pdb,PPTRDEERY,TCRen,3.85993768610925
4qrr.pdb,HPYSSDDSY,TCRen,3.86074075859197
4qrr.pdb,EPCRFGRSY,TCRen,3.8687446381296
4qrr.pdb,KPRPFKNFY,TCRen,3.87826180082333
4qrr.pdb,NPNARRTMY,TCRen,3.89935991983703
4qrr.pdb,CPHETFQGY,TCRen,3.91632093178061
4qrr.pdb,NPRGADEFY,TCRen,3.91643633927141
4qrr.pdb,SPCLHQCCY,TCRen,3.92601546329781
4qrr.pdb,KPGQEDTHY,TCRen,3.92843654838354
4qrr.pdb,IPQSSFKWY,TCRen,3.94161916636444
4qrr.pdb,KPTQPNSDY,TCRen,3.95246815234278
4qrr.pdb,WPHQWNETY,TCRen,3.95583864785848
4qrr.pdb,WPWYDMTIY,TCRen,3.98312646371965
4qrr.pdb,FPDWQENRY,TCRen,3.99815736734937
4qrr.pdb,WPLTQPGMY,TCRen,4.00037564299616
4qrr.pdb,TPSFNRDGY,TCRen,4.01692715406988
4qrr.pdb,RPQSNMKVY,TCRen,4.02794788898102
4qrr.pdb,RPPQPDGEY,TCRen,4.0480295630814
4qrr.pdb,EPDKPCMLY,TCRen,4.08411968892133
4qrr.pdb,IPIDGPCGY,TCRen,4.08758395668084
4qrr.pdb,QPAYQGQHY,TCRen,4.09009182936851
4qrr.pdb,NPNFWCRFY,TCRen,4.09512798508657
4qrr.pdb,KPFNWEGCY,TCRen,4.10917132636817
4qrr.pdb,YPMRTSQWY,TCRen,4.12344160951165
4qrr.pdb,HPMSQNSQY,TCRen,4.12498449827767
4qrr.pdb,TPTEQGNHY,TCRen,4.13019647012713
4qrr.pdb,LPPQIMSHY,TCRen,4.13398583390048
4qrr.pdb,PPPQLVCSY,TCRen,4.14582253820704
4qrr.pdb,SPMYISAMY,TCRen,4.17454161244227
4qrr.pdb,TPFHSMETY,TCRen,4.17830103027456
4qrr.pdb,KPRHIMSEY,TCRen,4.18179456992885
4qrr.pdb,QPRQCWPFY,TCRen,4.19444477216574
4qrr.pdb,NPNCIRLMY,TCRen,4.19755941555117
4qrr.pdb,NPELIMCKY,TCRen,4.19782939919008
4qrr.pdb,EPNQICPSY,TCRen,4.19867656141027
4qrr.pdb,APDSFGNFY,TCRen,4.2040839288845
4qrr.pdb,GPLRIKISY,TCRen,4.21003178098124
4qrr.pdb,LPINLDETY,TCRen,4.22985808462815
4qrr.pdb,NPYRFMNPY,TCRen,4.24570787215464
4qrr.pdb,SPSQKKQGY,TCRen,4.24824233648974
4qrr.pdb,IPSRCLRWY,TCRen,4.24992008788187
4qrr.pdb,FPTHDNSFY,TCRen,4.29534792629481
4qrr.pdb,PPTYPDGIY,TCRen,4.30142373962068
4qrr.pdb,LPANCRAWY,TCRen,4.3034861005275
4qrr.pdb,DPSMKPCWY,TCRen,4.31492987984884
4qrr.pdb,TPSDQERMY,TCRen,4.3290641930067
4qrr.pdb,FPGNIQCYY,TCRen,4.33318104389489
4qrr.pdb,HPQVFRCCY,TCRen,4.34075188908179
4qrr.pdb,SPSHVKMGY,TCRen,4.34771292116058
4qrr.pdb,SPLYIPEVY,TCRen,4.40133819286025
4qrr.pdb,DPMYENFCY,TCRen,4.42069810925376
4qrr.pdb,PPQTKSCQY,TCRen,4.42432725076447
4qrr.pdb,DPWFWNNGY,TCRen,4.42870420343324
4qrr.pdb,MPSQTENAY,TCRen,4.43744996569524
4qrr.pdb,KPTTQQCVY,TCRen,4.44427293254045
4qrr.pdb,RPGWTLMMY,TCRen,4.44903356531277
4qrr.pdb,FPGHGRRDY,TCRen,4.44942451721034
4qrr.pdb,VPTVSGNMY,TCRen,4.45103997992165
4qrr.pdb,EPYQFPCKY,TCRen,4.45311678993989
4qrr.pdb,KPCGQPCKY,TCRen,4.46497230989871
4qrr.pdb,FPMSYPEMY,TCRen,4.46903037491081
4qrr.pdb,APHNCMIVY,TCRen,4.4749242864102
4qrr.pdb,TPNEDCMDY,TCRen,4.4824946320667
4qrr.pdb,CPVRLDEQY,TCRen,4.52540408860299
4qrr.pdb,RPLNRKTDY,TCRen,4.5262496372116
4qrr.pdb,QPPKPWCDY,TCRen,4.54378954343989
4qrr.pdb,MPHECMTTY,TCRen,4.55246195107997
4qrr.pdb,QPFKRKMHY,TCRen,4.58171167497212
4qrr.pdb,GPVYKGREY,TCRen,4.60694286964225
4qrr.pdb,SPTETSNFY,TCRen,4.62072742011958
4qrr.pdb,VPWQCPEEY,TCRen,4.62268658886418
4qrr.pdb,DPNLMNTMY,TCRen,4.62763930050212
4qrr.pdb,KPQYHDQDY,TCRen,4.63219432085111
4qrr.pdb,WPKCERNDY,TCRen,4.66373300499108
4qrr.pdb,CPTFGRSWY,TCRen,4.68058397319353
4qrr.pdb,QPEYSYNGY,TCRen,4.68289118337529
4qrr.pdb,VPRECKMRY,TCRen,4.69262278652853
4qrr.pdb,RPWRDERWY,TCRen,4.69747321881818
4qrr.pdb,MPNQNNKFY,TCRen,4.71356343929684
4qrr.pdb,NPQNRMMNY,TCRen,4.72408241332931
4qrr.pdb,TPRCCRRDY,TCRen,4.73908057659401
4qrr.pdb,NPTRNGGVY,TCRen,4.74158486443621
4qrr.pdb,GPYKTNMSY,TCRen,4.7472614452872
4qrr.pdb,WPLYIQNNY,TCRen,4.74803304122986
4qrr.pdb,KPGQITSMY,TCRen,4.7488148623895
4qrr.pdb,PPGREEQEY,TCRen,4.75756107169238
4qrr.pdb,PPVEFFFMY,TCRen,4.78339540950619
4qrr.pdb,IPACSCGFY,TCRen,4.79756566430174
4qrr.pdb,APTNKPNHY,TCRen,4.8272840743609
4qrr.pdb,RPYYSMEIY,TCRen,4.83293619151376
4qrr.pdb,FPWNEQTMY,TCRen,4.86495932971205
4qrr.pdb,PPMYFFQSY,TCRen,4.868222611589
4qrr.pdb,QPGWDDTMY,TCRen,4.8832048152338
4qrr.pdb,HPQNQRTVY,TCRen,4.89394266627901
4qrr.pdb,TPNYQMGTY,TCRen,4.89788979620653
4qrr.pdb,CPHFLDCIY,TCRen,4.90477635998548
4qrr.pdb,NPRSKMMFY,TCRen,4.90597140164137
4qrr.pdb,DPGHITCVY,TCRen,4.90740189555308
4qrr.pdb,DPYQHGCNY,TCRen,4.93332869714249
4qrr.pdb,EPVERRSEY,TCRen,4.94569416146842
4qrr.pdb,VPRYGNIFY,TCRen,4.95258739605124
4qrr.pdb,DPNRCWENY,TCRen,5.00000598758518
4qrr.pdb,SPFRPRRSY,TCRen,5.08133087593243
4qrr.pdb,EPWYSCFNY,TCRen,5.11674804947167
4qrr.pdb,PPDSEPMMY,TCRen,5.15610910623342
4qrr.pdb,RPTSAWCVY,TCRen,5.15730223971729
4qrr.pdb,KPIYACFFY,TCRen,5.16257596293373
4qrr.pdb,NPKLGRCKY,TCRen,5.16713628938632
4qrr.pdb,MPCNCDSIY,TCRen,5.17771233580783
4qrr.pdb,HPIYFDSVY,TCRen,5.17935762363602
4qrr.pdb,MPPRRDETY,TCRen,5.18933811678437
4qrr.pdb,EPQKTGCWY,TCRen,5.19189270106663
4qrr.pdb,PPPHKNCPY,TCRen,5.21369080661559
4qrr.pdb,QPTSHEKMY,TCRen,5.21416170707724
4qrr.pdb,MPPGMDQMY,TCRen,5.22852623392928
4qrr.pdb,VPSQMKDMY,TCRen,5.2394276802704
4qrr.pdb,HPLWNCMDY,TCRen,5.27127555552967
4qrr.pdb,KPEYNPWMY,TCRen,5.28673984642955
4qrr.pdb,CPQEREDMY,TCRen,5.30126655568281
4qrr.pdb,VPAWTDQMY,TCRen,5.30569257691051
4qrr.pdb,CPTFYKCTY,TCRen,5.30678126257871
4qrr.pdb,LPARKCQTY,TCRen,5.32480077393774
4qrr.pdb,TPFRNRMYY,TCRen,5.34970268617445
4qrr.pdb,WPQGIFCIY,TCRen,5.35790399892545
4qrr.pdb,TPFYPNMCY,TCRen,5.38263626868551
4qrr.pdb,RPSWIPNMY,TCRen,5.40582358984081
4qrr.pdb,GPRWWWNMY,TCRen,5.41818684494073
4qrr.pdb,NPKKDDCVY,TCRen,5.42240136595222
4qrr.pdb,CPPAQDCMY,TCRen,5.43776264845712
4qrr.pdb,LPICFFCHY,TCRen,5.44222356463202
4qrr.pdb,WPDICLCMY,TCRen,5.444385007002
4qrr.pdb,IPCGLMCHY,TCRen,5.4603973720984
4qrr.pdb,PPKQTHCSY,TCRen,5.46611970639673
4qrr.pdb,VPWKNGCHY,TCRen,5.47258987555927
4qrr.pdb,PPDHTQCWY,TCRen,5.50433405316028
4qrr.pdb,MPNGHNGMY,TCRen,5.51368910702997
4qrr.pdb,CPHNIEDMY,TCRen,5.51803473049817
4qrr.pdb,SPQSFSNMY,TCRen,5.53373211654409
4qrr.pdb,DPSWGMCQY,TCRen,5.65429918227875
4qrr.pdb,QPWECDIMY,TCRen,5.66221045874707
4qrr.pdb,MPALSRCTY,TCRen,5.66710967250996
4qrr.pdb,FPYWIDCHY,TCRen,5.66796789048194
4qrr.pdb,WPEESMEMY,TCRen,5.74621562742995
4qrr.pdb,RPWRNCKSY,TCRen,5.81576283148401
4qrr.pdb,IPGWNKCKY,TCRen,5.85634490096796
4qrr.pdb,APISCEMWY,TCRen,5.87825755762806
4qrr.pdb,HPYQLECQY,TCRen,5.91609006851238
4qrr.pdb,FPPMGENMY,TCRen,5.95484386775406
4qrr.pdb,VPLGKFSMY,TCRen,5.97224681727443
4qrr.pdb,YPCDSWCMY,TCRen,5.97234742842307
4qrr.pdb,SPYCGCCKY,TCRen,5.98237910722567
4qrr.pdb,QPCHCCSEY,TCRen,6.05584465326113
4qrr.pdb,MPIYCNKFY,TCRen,6.05881428510027
4qrr.pdb,LPSEQDMMY,TCRen,6.18012902954353
4qrr.pdb,VPGYFFQMY,TCRen,6.28922030176104
4qrr.pdb,RPFYCMSEY,TCRen,6.3795932466256
4qrr.pdb,DPCQVRCSY,TCRen,6.45189581575606
4qrr.pdb,SPCNVRMMY,TCRen,6.67445028618113
4qrr.pdb,APPHECMMY,TCRen,6.68656674812026
4qrr.pdb,DPINERCHY,TCRen,6.71415955854494
4qrr.pdb,RPANDKNMY,TCRen,6.88326824111179
4qrr.pdb,EPMCQCNMY,TCRen,6.95520398368691
4qrr.pdb,PPVYFCEMY,TCRen,7.20230929451664
4qrr.pdb,MPMYFKCFY,TCRen,7.32313353821408
