tcr_id,mhc_allele,score_tcr_p,score_tcr_MHC
8wul,A*11:01:01:01,-0.054293297847380184,-0.6179950600251826
22560,A*11:01:01:01,3.6143917699440227,-4.977557151782964
33315,A*11:01:01:01,1.8118141311570957,1.2404832401878856
30403,A*11:01:01:01,-0.22476957275501444,2.6603465990514765
32798,A*11:01:01:01,5.274417752042849,-4.343558126203408
32596,A*11:01:01:01,0.3931340808056685,1.9721789427695373
31902,A*11:01:01:01,-0.8806406710834404,2.5275924891690376
32385,A*11:01:01:01,0.16100553108105978,3.260693306826124
31744,A*11:01:01:01,-1.0667396175236594,-0.8317869867127797
31901,A*11:01:01:01,1.582196305197328,0.0665452496514726
31741,A*11:01:01:01,2.3084030012329344,4.882275499950339
31685,A*11:01:01:01,1.1081605368867071,-4.286546092216278
21392,A*11:01:01:01,-1.3688726162483937,-2.343109263300858
32442,A*11:01:01:01,1.4745137952412484,5.655668311842307
32732,A*11:01:01:01,-1.1344900269559992,-4.172989273515057
33316,A*11:01:01:01,3.3944021186559956,2.800993834224041
33317,A*11:01:01:01,2.530030268970913,-1.040903765144813
32435,A*11:01:01:01,1.3513316168125273,-1.2908032734623978
31937,A*11:01:01:01,1.7436252092248083,3.665366487155166
32355,A*11:01:01:01,-1.4954333875767312,1.8094676757174177
31772,A*11:01:01:01,3.0409005497819694,-1.785432282835829
31881,A*11:01:01:01,-1.1660098313133942,-3.2352861747383224
30993,A*11:01:01:01,-0.13302398418207736,-0.5012229744373915
32015,A*11:01:01:01,-1.1406840513561203,-0.6230310806291005
30112,A*11:01:01:01,0.8904608903934752,-6.548235076595916
21398,A*11:01:01:01,1.8505072345174396,-2.665591881079677
32719,A*11:01:01:01,-0.799801570068503,5.376838851381509
31832,A*11:01:01:01,0.2783812516138275,-1.779196176114788
22574,A*11:01:01:01,-0.7493545681713777,-0.15262146712455843
32465,A*11:01:01:01,-0.36476854293456323,2.7311691103018596
32681,A*11:01:01:01,-0.8105646085226988,0.3708991156860881
32029,A*11:01:01:01,0.8485214482800425,-0.7608951264997104
32037,A*11:01:01:01,4.495399092239873,1.5687248000976168
31989,A*11:01:01:01,2.4637324291026284,-2.3347770982672196
32096,A*11:01:01:01,0.4428003431609708,-2.6828743732611504
34497,A*11:01:01:01,4.339998985824246,2.0946441155168403
33027,A*11:01:01:01,0.5641317446795969,-2.8400278296311923
32970,A*11:01:01:01,1.656012017529906,5.38060694921486
32272,A*11:01:01:01,-0.8230892885602742,4.197912749064918
32217,A*11:01:01:01,1.8372472764149186,2.641693503223257
31762,A*11:01:01:01,1.7123839851812785,-1.8149535378925885
31967,A*11:01:01:01,2.7615082960429302,-1.019505028105001
856,A*11:01:01:01,-2.1475220679061477,0.45414802210475824
32239,A*11:01:01:01,1.9975647332302926,-3.6310496669830896
32887,A*11:01:01:01,-0.6675471118116955,-0.8387460636680435
32854,A*11:01:01:01,1.7410255436765005,2.1758979748464222
1026,A*11:01:01:01,4.055954482075073,-2.236422371841297
22575,A*11:01:01:01,3.8499701531172366,1.9837917275501424
33242,A*11:01:01:01,-2.4285098125521287,0.5216413828263915
31922,A*11:01:01:01,2.9455725979240253,-4.709601577461061
1128,A*11:01:01:01,0.18973364881688598,-1.8051487209720145
32597,A*11:01:01:01,2.7079943540491973,0.2029251094976472
85,A*11:01:01:01,0.30112015365171413,-0.2634519239498553
29737,A*11:01:01:01,-0.49228778331857814,4.040355526552007
31857,A*11:01:01:01,0.9151923572720404,1.1136226754457348
32594,A*11:01:01:01,3.082058378740771,-0.6300806840918823
32126,A*11:01:01:01,2.6377737198971776,0.2892179104782996
21671,A*11:01:01:01,0.2280148367079109,-1.1452755438930302
32483,A*11:01:01:01,0.27676739860769006,-0.22920620516103002
8897,A*11:01:01:01,2.766560631732822,2.8510642271170727
4716,A*11:01:01:01,0.6091443856644408,1.3163095280478827
32398,A*11:01:01:01,-1.1178027928249583,4.304238433268941
31970,A*11:01:01:01,-0.9964412980917984,-1.3656365341611978
21960,A*11:01:01:01,0.42973171335200167,6.004601595251961
32052,A*11:01:01:01,-0.3272352437653921,-1.046933066031749
31567,A*11:01:01:01,2.308417528990737,0.45794386286813854
32415,A*11:01:01:01,2.0734544779759845,1.7725008700142548
71,A*11:01:01:01,1.586626926306847,-0.3365600163931153
1014,A*11:01:01:01,2.2839209541302816,-0.45381216746010666
182,A*11:01:01:01,3.7951022097720584,-2.958212251816109
31783,A*11:01:01:01,1.5663911086086502,0.8472305230689562
31782,A*11:01:01:01,-0.7666390192439114,-0.9619736076308815
32734,A*11:01:01:01,3.9524797483451892,-1.4386181011286023
31803,A*11:01:01:01,-0.7786364236241085,2.129512526191928
31745,A*11:01:01:01,0.5231594816273996,1.8603146920053422
31785,A*11:01:01:01,-0.655261016743861,2.060594330311407
30154,A*11:01:01:01,2.3070488463761665,3.338804577301224
32505,A*11:01:01:01,3.4877973397349034,3.1137166544711903
32191,A*11:01:01:01,2.0549664443114293,-1.8444731097049334
21451,A*11:01:01:01,0.6518402599175731,0.6378138784955822
30076,A*11:01:01:01,-0.6543323446439555,-0.08254832856869909
21438,A*11:01:01:01,0.47707574106749145,-1.2219238949338043
32025,A*11:01:01:01,0.49139532734372315,-2.961527373971126
21651,A*11:01:01:01,4.3463020383092505,-0.21119202154496997
34530,A*11:01:01:01,2.293791698351682,2.6553218356156667
15334,A*11:01:01:01,0.9921754458511591,2.7320589630844103
31877,A*11:01:01:01,2.6825835060204284,-5.061756902517545
32784,A*11:01:01:01,3.512358878965928,1.1515340224060004
32773,A*11:01:01:01,4.017624671474184,1.9514987863160003
34532,A*11:01:01:01,-0.4058833740838663,3.257556004270416
21439,A*11:01:01:01,0.9380027807380538,1.0670799664881283
31789,A*11:01:01:01,-0.6978534789587085,-3.1642700320107706
29729,A*11:01:01:01,0.47413637761305205,1.5271436236692837
32772,A*11:01:01:01,1.2766872868419123,5.737663657422425
32673,A*11:01:01:01,3.1535475022984802,-1.7350426965683265
30996,A*11:01:01:01,-1.214730897584395,0.7094787749573968
302,A*11:01:01:01,0.9820247626715575,1.1396033911551493
34528,A*11:01:01:01,0.5470719187736276,0.35878293304021547
33073,A*11:01:01:01,-0.2315479841522029,2.7219903469065416
32497,A*11:01:01:01,1.3301601490619586,1.114841752714484
32019,A*11:01:01:01,2.07044837362948,2.830333592953624
31851,A*11:01:01:01,2.511107015318971,-1.05417296869101
31900,A*11:01:01:01,-0.5591455668420325,-2.035421162504976
31800,A*11:01:01:01,-0.5114574991171342,-1.8950245184719836
32838,A*11:01:01:01,3.300227954673669,0.23795688937230158
31875,A*11:01:01:01,0.9400143250275836,3.3509671680520623
31930,A*11:01:01:01,1.492232086082908,2.560053355716233
1294,A*11:01:01:01,1.5406458662786238,2.382083800645134
31820,A*11:01:01:01,0.7682800087764742,1.9119323581287309
32715,A*11:01:01:01,-1.2671109304480903,1.6401773092493075
32714,A*11:01:01:01,0.14259856481437622,-1.7984945652031885
32086,A*11:01:01:01,2.290731663009122,2.3830840353089875
32169,A*11:01:01:01,-0.246606827598351,1.3566141202636075
32809,A*11:01:01:01,1.1892811327273112,7.6390958404525335
32806,A*11:01:01:01,-1.970732030059305,2.4981998423496514
32005,A*11:01:01:01,1.2962910372322551,0.7498191526635374
32943,A*11:01:01:01,-0.8685332072149701,-0.2854594384678564
31886,A*11:01:01:01,-2.0930204198733207,0.9988694844457302
29734,A*11:01:01:01,-0.3699825593107955,6.325740365176015
32325,A*11:01:01:01,1.3664024517361824,2.6799678853103535
31823,A*11:01:01:01,2.4677794234985475,3.223293964590784
31950,A*11:01:01:01,0.8578590067513823,0.015566384077331963
31915,A*11:01:01:01,1.0941616624789867,7.8238578736806295
32135,A*11:01:01:01,-3.4284722587432914,0.41534370468541687
31821,A*11:01:01:01,-1.914916121505559,-0.08079913746628947
32353,A*11:01:01:01,1.1727401764108942,2.714535653760072
32989,A*11:01:01:01,3.0526851071651047,1.99206727853884
31956,A*11:01:01:01,0.9079719719825314,0.22020749216415592
32076,A*11:01:01:01,0.5395142565996922,1.9776639947396988
32177,A*11:01:01:01,-0.2068594359360108,2.4432293377155663
32057,A*11:01:01:01,1.6536023072437596,4.273279222647178
32997,A*11:01:01:01,-0.010894183261659723,2.189148051099407
32851,A*11:01:01:01,0.6485411795201252,2.4984475939488413
1274,A*11:01:01:01,-1.4026043317858006,-0.5949111861327341
32100,A*11:01:01:01,-2.6525356605524673,-3.325319295078192
32360,A*11:01:01:01,2.2632359880365027,6.762120750450507
32468,A*11:01:01:01,0.5190095037389403,-2.334388782523614
29727,A*11:01:01:01,2.3410000392554418,2.206480982279638
32087,A*11:01:01:01,0.6791405387581733,7.855550994599712
32216,A*11:01:01:01,-0.008259349695061369,0.19318592605108875
32221,A*11:01:01:01,0.7253132253269818,1.8291889343103662
32219,A*11:01:01:01,3.9993202241004195,4.182000027055357
31979,A*11:01:01:01,1.0752864596419207,2.263275642105667
33039,A*11:01:01:01,1.7674620183336798,1.5656722216192245
30989,A*11:01:01:01,0.7548026610394207,0.34417436470086565
21452,A*11:01:01:01,0.7167387340007114,5.086595751604056
31868,A*11:01:01:01,0.9536291834442212,-0.524308361600246
32017,A*11:01:01:01,2.678537311396938,2.525117375086913
32974,A*11:01:01:01,-0.572700806117268,-0.9195237079914974
33142,A*11:01:01:01,2.795459436557532,-3.3908802934447
32499,A*11:01:01:01,2.0755234745032984,-2.5384130053940996
33065,A*11:01:01:01,4.023565368116441,-1.183205267927999
32099,A*11:01:01:01,3.3490415406355183,0.19722777969143993
30168,A*11:01:01:01,2.626404927335647,3.424068186513508
31846,A*11:01:01:01,-1.1058210620679865,5.3883205040732305
32579,A*11:01:01:01,1.4120700479080532,4.141946695109803
32446,A*11:01:01:01,3.6829225395739535,-0.4369575562870788
32113,A*11:01:01:01,0.7755061912658444,1.232446146432567
32410,A*11:01:01:01,1.8214800246503877,-1.5314363411157934
32848,A*11:01:01:01,2.4750306022628994,1.6209785985873841
32002,A*11:01:01:01,0.3066628580560998,-2.664317779605658
32405,A*11:01:01:01,0.8158667974625624,-1.6849369261568876
32826,A*11:01:01:01,2.8468860127200912,-0.020728701900237068
32735,A*11:01:01:01,0.023828219592369415,1.637817490960371
32829,A*11:01:01:01,0.9983481021038799,3.6057635234176906
21377,A*11:01:01:01,-1.3349811678237138,2.914839521170479
32188,A*11:01:01:01,-3.147641526250994,-1.4004491046209044
32192,A*11:01:01:01,2.413441666351764,-0.5562895305717399
31729,A*11:01:01:01,-1.0868779933666262,2.0411149089314913
33238,A*11:01:01:01,2.008770484630141,-0.681543101281061
31740,A*11:01:01:01,-0.2003810604274599,0.48723271868227375
34509,A*11:01:01:01,2.773796051286405,-0.12060017329147177
31738,A*11:01:01:01,4.247982269747169,0.5511256274430882
32150,A*11:01:01:01,5.279548454416317,2.5691580599462145
32120,A*11:01:01:01,-0.5076459455825478,-2.513684521580072
31910,A*11:01:01:01,1.6934089198307487,3.4590953885259315
33079,A*11:01:01:01,0.2829445672158707,1.8073111437617895
34504,A*11:01:01:01,0.1254104889368202,-0.13668577741037385
32843,A*11:01:01:01,2.4855852865158634,3.863245654050875
32866,A*11:01:01:01,4.649805662926757,-3.600070410957483
32000,A*11:01:01:01,3.1398100692284427,2.1257200917660786
32450,A*11:01:01:01,0.7276976763966287,0.3984648037899481
32956,A*11:01:01:01,1.667688686397301,0.13313409322435676
644,A*11:01:01:01,1.2159228275210021,-0.74439436408797
32023,A*11:01:01:01,-0.6441117498445391,3.6279576801073663
33250,A*11:01:01:01,-0.8253381058483362,1.2628012875588683
31863,A*11:01:01:01,1.1454538310073548,2.3575664914950227
32530,A*11:01:01:01,1.494460151210124,-0.062059839992515575
31790,A*11:01:01:01,1.2222317454635636,1.797297649893563
32723,A*11:01:01:01,1.0214082824867101,-1.1866688692073781
32942,A*11:01:01:01,1.1953113451019797,4.146281113007669
32852,A*11:01:01:01,0.1249264771885269,1.1840392463853768
22625,A*11:01:01:01,5.1798904422863945,-1.4289343939365495
34505,A*11:01:01:01,3.04443838245909,2.6489095506747544
21447,A*11:01:01:01,0.5294686563168691,4.947677340015066
32038,A*11:01:01:01,0.05644496295269158,-0.7367109821226381
32729,A*11:01:01:01,1.5978510747837893,-4.235618264319325
32314,A*11:01:01:01,-1.9233662339048094,1.2271823301367926
786,A*11:01:01:01,3.8410485682377025,-2.2310983878785358
32520,A*11:01:01:01,-1.4440854028589545,-3.1253727431441214
32888,A*11:01:01:01,-0.19491660960533333,-0.6927781818994235
33135,A*11:01:01:01,2.6780233625223118,-2.3389915289236516
31776,A*11:01:01:01,3.0594641580678417,3.958846585495811
31701,A*11:01:01:01,0.9102515736235545,3.320081104535399
31927,A*11:01:01:01,0.9375531930534902,3.8860041673937737
33333,A*11:01:01:01,1.8139381069305767,0.42702962140749723
31839,A*11:01:01:01,0.5753703288183052,1.2840917274594155
31595,A*11:01:01:01,-1.4880449402218148,0.45005898702080804
31936,A*11:01:01:01,-2.3883330760886636,-2.388246238950607
5867,A*11:01:01:01,1.5913717142023116,3.2073683952806196
32333,A*11:01:01:01,2.0517135852290584,1.3580475527670548
33074,A*11:01:01:01,0.0071042164181396306,-1.275570672298338
32230,A*11:01:01:01,0.42863172174486663,-1.4802889571233948
32364,A*11:01:01:01,-0.21019994600616532,2.756052424119974
32944,A*11:01:01:01,1.3143028531278127,-2.137177750001413
32721,A*11:01:01:01,3.9727030567392614,2.8378043703971483
32250,A*11:01:01:01,-0.43024502247366125,3.1667135296787534
32237,A*11:01:01:01,1.724519946880024,0.48939227881389086
32226,A*11:01:01:01,-0.9917338059765972,-1.3041777402138037
31973,A*11:01:01:01,3.073275092551337,-0.5329638131071907
31991,A*11:01:01:01,-0.8042897759715608,0.566643090229163
31968,A*11:01:01:01,2.0189408618297833,-0.7663797670076385
32148,A*11:01:01:01,3.0822679871046197,1.1121070045717045
32035,A*11:01:01:01,-1.108620590906132,-0.36510786290301545
32189,A*11:01:01:01,0.7896009080393747,5.0428720449224125
32366,A*11:01:01:01,-0.7152456858053793,-2.874781049526655
32642,A*11:01:01:01,2.04857584063025,-2.6374597495855086
33085,A*11:01:01:01,-1.8234127196413112,2.8443963707802036
31987,A*11:01:01:01,0.546297951630122,-1.8910840210486652
32840,A*11:01:01:01,1.9415905610519932,-4.68589574700707
1012,A*11:01:01:01,-0.9503000024529582,4.321038709898895
21441,A*11:01:01:01,2.3461575032169955,-6.030778103116499
31773,A*11:01:01:01,-0.48824880307185287,1.2085574295019583
31704,A*11:01:01:01,4.246074955158253,1.257622615990103
31753,A*11:01:01:01,0.7700142045730273,-0.020870228785311307
32771,A*11:01:01:01,2.0012381632938485,-1.8876361877630097
32824,A*11:01:01:01,0.18931834358272512,4.989555272896437
31898,A*11:01:01:01,0.47407167436121334,0.6705362141880878
30994,A*11:01:01:01,3.1944100994205584,-0.6062185175002037
31784,A*11:01:01:01,0.4045627231578589,-1.2971088823354697
31802,A*11:01:01:01,1.1883846161863683,3.8817839826643623
32118,A*11:01:01:01,1.8526142544165083,3.138021527450653
21408,A*11:01:01:01,3.308402539740201,-1.3416114226890037
32769,A*11:01:01:01,-0.195475823653997,-1.217052706239523
1009,A*11:01:01:01,1.2687386995246963,0.9913164124608698
31889,A*11:01:01:01,-0.8433860289165038,3.806905361410707
31879,A*11:01:01:01,0.6893096953689906,-0.20439163954115946
32103,A*11:01:01:01,2.1804608327898447,1.3930122770922861
31916,A*11:01:01:01,1.8484253981216907,6.240973247336493
31982,A*11:01:01:01,3.0754748279747632,1.104900445944864
32348,A*11:01:01:01,1.192896693615106,-0.2126571347469346
32614,A*11:01:01:01,-0.4624437224244605,-2.532335350564257
33052,A*11:01:01:01,0.716751976308186,3.32927983028307
32918,A*11:01:01:01,2.582229029898439,-1.6405812491043812
32940,A*11:01:01:01,-0.08383862541104567,-0.005243045211731273
20942,A*11:01:01:01,2.085571501573583,-2.353085551181701
32403,A*11:01:01:01,1.993375135224964,-0.27998842629845694
34546,A*11:01:01:01,-2.3990687885816007,-0.17001502917541747
32151,A*11:01:01:01,1.3861943148328575,2.6161242266122975
29738,A*11:01:01:01,3.400008840916683,0.9827794852992079
991,A*11:01:01:01,1.9493524781651013,4.405969182463112
32569,A*11:01:01:01,2.2931276458010212,2.19841996184315
32470,A*11:01:01:01,3.054602010051153,2.4240166407143766
31822,A*11:01:01:01,-0.45632934920878515,1.3131244559503072
21385,A*11:01:01:01,3.618290129768119,-1.0437358548346929
32176,A*11:01:01:01,3.7185069121414323,4.983776531946362
32408,A*11:01:01:01,2.295141553585056,-2.373696016272121
32228,A*11:01:01:01,1.6743026759479265,0.7974560353830391
32251,A*11:01:01:01,1.3693969343207089,0.08233290634949339
32257,A*11:01:01:01,-0.14687813288956514,-2.605424398272728
32196,A*11:01:01:01,-0.05539223401045276,1.719459986606816
31712,A*11:01:01:01,0.3169055878564405,1.1457515026506586
32207,A*11:01:01:01,0.738020370151816,0.6309011929139307
32234,A*11:01:01:01,-0.3174109572446374,0.41320500355093515
30984,A*11:01:01:01,0.014760249384250135,0.002028775695456675
31841,A*11:01:01:01,0.7430047288373058,-6.608343141751904
31844,A*11:01:01:01,0.6191814984760717,-3.2938572333128473
32964,A*11:01:01:01,1.0407757017818287,2.6417817088499755
519,A*11:01:01:01,0.9150269455045639,-0.1619869339593838
31894,A*11:01:01:01,-2.303841376585311,3.105512064127942
31855,A*11:01:01:01,0.3738815079477723,1.134391873738304
172,A*11:01:01:01,1.3000459782156288,0.4938773582610021
1967,A*11:01:01:01,0.4787345461776996,2.8757247667813908
18798,A*11:01:01:01,2.5622443871693625,2.8002978700943237
32140,A*11:01:01:01,5.242697350146136,-2.030983188872332
21375,A*11:01:01:01,-1.1957968908488092,1.3925237038360474
1525,A*11:01:01:01,2.1293033218179813,-1.5298599015367818
32767,A*11:01:01:01,0.7009151914028022,5.105008353574724
32813,A*11:01:01:01,0.9123590402373059,1.3656509976692779
33094,A*11:01:01:01,1.1613293010361145,0.6398451880704031
32859,A*11:01:01:01,0.7474752851223414,2.1167243027534965
21440,A*11:01:01:01,0.5340069930494239,-1.1633406347044017
31705,A*11:01:01:01,1.1316002972772736,4.4361585070178755
31754,A*11:01:01:01,3.0015428189039763,-1.6477907280061457
31816,A*11:01:01:01,0.517559534674706,6.501642618458581
32528,A*11:01:01:01,1.8144188427892283,3.1560325317438522
32789,A*11:01:01:01,0.15846916186081497,4.47789991419306
32765,A*11:01:01:01,1.4972059769277986,0.7070279201083176
32950,A*11:01:01:01,1.556722429225734,1.251020304323168
31835,A*11:01:01:01,-0.08883711787483212,1.03923286678163
1086,A*11:01:01:01,-1.1160573849189883,3.586570889851162
31779,A*11:01:01:01,-0.010282878996180966,-1.3796507651239294
32688,A*11:01:01:01,0.6533655959468612,3.604601471668859
32062,A*11:01:01:01,-1.0718063451963722,0.3097003704316981
32790,A*11:01:01:01,4.545947632421267,4.591576110633702
30985,A*11:01:01:01,-0.6307535455922418,8.120250118312732
33314,A*11:01:01:01,2.235340023108043,-1.183152597631739
31833,A*11:01:01:01,2.2847209580114574,1.1212825596044647
32679,A*11:01:01:01,0.5727461613824263,-2.0392242226203914
32071,A*11:01:01:01,-1.4770858700126748,1.6036263426919073
32115,A*11:01:01:01,1.136185135364007,1.2772925642739246
31724,A*11:01:01:01,1.0668760629789622,-0.5767928876612085
32117,A*11:01:01:01,3.963361007883774,-0.8857101201196127
31946,A*11:01:01:01,-0.2520301184954668,-0.14703912565353228
25739,A*11:01:01:01,0.47434406452296696,-3.2513260816973193
30095,A*11:01:01:01,1.4368706588214846,-3.089437094390099
31985,A*11:01:01:01,2.801216514431481,0.886788820558619
34330,A*11:01:01:01,4.873442715450842,1.8092089634877242
31955,A*11:01:01:01,0.2872867739196605,5.909189830432327
32060,A*11:01:01:01,2.1598064642320702,-0.4909978035424287
32034,A*11:01:01:01,0.48386417346034527,-0.06229453274086966
32043,A*11:01:01:01,1.0136498548156196,3.694570298789881
32064,A*11:01:01:01,-1.3425923887348448,-3.64945345869788
32892,A*11:01:01:01,-0.9977916997300317,1.174846098532953
31749,A*11:01:01:01,-0.11987802665766872,0.08236896426690471
32979,A*11:01:01:01,1.9107147828097146,0.7729467282478497
32982,A*11:01:01:01,2.7178212116123537,5.037012301317332
32275,A*11:01:01:01,3.5459400951435107,0.41382540123771133
32849,A*11:01:01:01,1.8614955501394073,1.8017827687275079
32218,A*11:01:01:01,1.7456139445004675,-0.6429355495882503
31757,A*11:01:01:01,2.9609021491384464,3.969065070929072
30995,A*11:01:01:01,3.015827861166602,1.6044587408436626
33040,A*11:01:01:01,0.9962159220394008,1.394351617054273
25965,A*11:01:01:01,1.12465893651385,4.810500468004283
32227,A*11:01:01:01,2.469637004287116,-1.6595817932117354
31981,A*11:01:01:01,0.8542278037838115,-2.2368537181685504
32577,A*11:01:01:01,0.9662650675462356,-1.196994510557392
31829,A*11:01:01:01,3.34152747698341,-5.289837679508502
32054,A*11:01:01:01,-1.3737444786271842,-2.4544269592945165
32049,A*11:01:01:01,2.678020273339408,1.142508117286284
32048,A*11:01:01:01,0.29280862520755035,-4.342163556946907
31737,A*11:01:01:01,0.10539825904267325,0.29549925433306934
32831,A*11:01:01:01,0.357022268668267,-4.434819304163105
30080,A*11:01:01:01,5.338864954507213,4.46379407862293
32312,A*11:01:01:01,2.2496937024544965,-2.022926058195387
32033,A*11:01:01:01,0.5406992835564801,1.8998541346929245
32021,A*11:01:01:01,3.383001036149719,-1.2736686921397542
32582,A*11:01:01:01,1.1629554413929502,1.9028365429529672
31756,A*11:01:01:01,1.6513893353668088,1.1397289780778066
32908,A*11:01:01:01,-0.760518519895841,2.404894978723434
31929,A*11:01:01:01,2.1679715861586892,1.4644393739849122
32391,A*11:01:01:01,2.0199157529411518,-2.001934086624157
32870,A*11:01:01:01,0.5037781238435307,1.523996995740267
32750,A*11:01:01:01,3.749791283139196,0.2601815111243936
32742,A*11:01:01:01,4.495040865520636,-1.953661785946924
21383,A*11:01:01:01,0.5308142658908784,5.730553690704211
32665,A*11:01:01:01,2.608031422313108,1.6328134646467063
32636,A*11:01:01:01,1.5641262309840391,-1.3054636358660634
32634,A*11:01:01:01,1.4838973514117366,-2.015675623143885
21446,A*11:01:01:01,-0.15062735468722355,-3.7947630795913545
28804,A*11:01:01:01,5.159986586435635,-0.8298121294046964
32511,A*11:01:01:01,-0.4727717811628744,0.6239091731230272
32512,A*11:01:01:01,2.4101553366989013,-0.24646699228702323
33028,A*11:01:01:01,-1.677442396596653,0.526565227036583
31002,A*11:01:01:01,1.2253305592090806,-1.0713132598797508
1552,A*11:01:01:01,1.027997631567524,0.9388021498267958
31986,A*11:01:01:01,0.28055048320108084,1.8638546207457733
34531,A*11:01:01:01,-2.4049005749930443,-0.6551076898753322
32084,A*11:01:01:01,3.1612295769411545,-2.484495484862014
21384,A*11:01:01:01,-0.6285133453903898,-1.3985199372049926
32404,A*11:01:01:01,1.9551965704616416,-0.22522922477122442
31935,A*11:01:01:01,0.5621736367710755,-2.53286246195879
300,A*11:01:01:01,-1.1190248839247738,-0.312327330647692
31850,A*11:01:01:01,1.7402810524499301,1.9396131678340702
32502,A*11:01:01:01,0.9727864954699654,-0.48206256038614315
32006,A*11:01:01:01,-0.5351808355572043,3.152199611982251
32246,A*11:01:01:01,1.327794194144684,6.026479825390794
32213,A*11:01:01:01,0.6362398093821672,-3.549031062495044
32201,A*11:01:01:01,3.50283889606611,0.5282523392114844
34520,A*11:01:01:01,0.4694643766535998,2.1094388462569857
30990,A*11:01:01:01,3.1116494741430034,0.7679166416058841
32129,A*11:01:01:01,-0.40124306281570626,-2.7291654843292488
31874,A*11:01:01:01,-0.10460674451507279,0.8458782075551239
32046,A*11:01:01:01,1.4207935153022777,0.9968940070708292
33255,A*11:01:01:01,-0.09225752626194816,4.400390366070616
34481,A*11:01:01:01,0.9731092146599363,0.5701195239712029
31836,A*11:01:01:01,4.723575334728984,3.9677496664679675
32032,A*11:01:01:01,0.46160980536877955,-2.315576922019116
32762,A*11:01:01:01,-0.048791772412356715,0.05655724035506193
32612,A*11:01:01:01,-1.7969038523824457,3.6820995407941677
31861,A*11:01:01:01,4.043082925399938,0.1375284624911679
32001,A*11:01:01:01,-0.2597548980673168,-1.0256467192352918
22576,A*11:01:01:01,2.5678463774839355,-2.117038927296898
33055,A*11:01:01:01,0.551230710736053,-0.6460112857904046
32310,A*11:01:01:01,0.713942746474277,-1.964879395556877
32356,A*11:01:01:01,1.3923241567981037,2.286855273243389
31891,A*11:01:01:01,0.9125473564289942,0.435208586662499
32513,A*11:01:01:01,1.4891385076982053,-3.4117090615418855
31732,A*11:01:01:01,1.593938677474476,2.8795705246414283
31810,A*11:01:01:01,-0.8659370258048661,-4.702445498637719
32211,A*11:01:01:01,2.227519807827944,-0.8256252286928358
30090,A*11:01:01:01,5.0965480907609795,-1.6592741051442332
32975,A*11:01:01:01,-2.556025817594271,2.7868303303147752
32051,A*11:01:01:01,1.2370010382188865,2.0308321537441154
32976,A*11:01:01:01,3.1323528952048423,-1.234851835104883
31849,A*11:01:01:01,-0.36354262371799245,-1.5779357036893096
31867,A*11:01:01:01,2.539261424262942,1.1477865600570638
32028,A*11:01:01:01,3.4954601137250023,3.051923792522505
30144,A*11:01:01:01,1.5052352661181478,1.062472990390559
34357,A*11:01:01:01,-0.38210325805891066,0.6076078701536951
32669,A*11:01:01:01,-0.9130271954838021,0.2830066767646448
31734,A*11:01:01:01,1.2714092536871122,-2.4348359179108265
32455,A*11:01:01:01,1.2355051909107793,-1.7851136408736186
32185,A*11:01:01:01,0.19761398368287642,-1.5300416560684842
30088,A*11:01:01:01,-1.8399723280877625,1.978980532472303
32040,A*11:01:01:01,0.057529267497383296,1.1966011652596098
31775,A*11:01:01:01,2.213308365143409,0.37008638460363824
30246,A*11:01:01:01,1.5840413894940761,0.6408025041554842
32053,A*11:01:01:01,-0.135562562918375,2.8979107110873956
32632,A*11:01:01:01,-0.033213638836723014,3.8233325479766145
32876,A*11:01:01:01,-0.897390718990456,0.16378230640838531
32629,A*11:01:01:01,0.39674745819802204,3.3926794786113113
30077,A*11:01:01:01,1.6720771967184254,-3.256500688957169
30116,A*11:01:01:01,-1.5641387675419909,2.9004451836118514
32110,A*11:01:01:01,0.07118255632132225,-0.693138507577104
21381,A*11:01:01:01,-0.09921168168179506,-0.6259379398507914
32812,A*11:01:01:01,1.3681990962121855,2.56421951848973
32170,A*11:01:01:01,1.699895032956495,0.8032885139714783
32477,A*11:01:01:01,1.4161005442617391,-0.6478280500054004
22728,A*11:01:01:01,-0.501362596219556,1.4749649861123104
32008,A*11:01:01:01,-0.4291383652651346,-0.7061688616435422
4477,A*11:01:01:01,1.3769718875917292,-2.324124247607097
29730,A*11:01:01:01,1.0935649111839862,-0.22753866721515142
31751,A*11:01:01:01,1.3383586987741805,4.177462926216885
32439,A*11:01:01:01,1.3463294060935713,1.9838477785948414
32867,A*11:01:01:01,1.2647796254603474,0.22232657527250504
1702,A*11:01:01:01,2.1636353943938293,-4.7897574425954526
28890,A*11:01:01:01,-0.5398945297873319,2.2290711544122384
1030,A*11:01:01:01,1.2391877087880565,1.6300020088316234
31972,A*11:01:01:01,0.05574283200488331,-0.5326291120727321
703,A*11:01:01:01,0.5556726160744097,1.4988590552746677
32778,A*11:01:01:01,0.8235841377000859,3.9971666784404314
30997,A*11:01:01:01,5.685689169189478,3.1283255117111293
32903,A*11:01:01:01,1.1610109871169032,0.36122238624040637
1047,A*11:01:01:01,1.7206613146503371,0.3642885349371778
31847,A*11:01:01:01,3.946710960239681,-2.344774030432137
31921,A*11:01:01:01,1.8536867730820321,2.5354050750423522
31708,A*11:01:01:01,0.10267061149043363,2.530716513605284
31873,A*11:01:01:01,2.793565035741205,-2.945474120994828
22566,A*11:01:01:01,0.36197297682508706,-2.812025520659928
32837,A*11:01:01:01,2.1136697046827346,1.1240185656903325
33070,A*11:01:01:01,2.586200151914052,1.8766341088223926
32845,A*11:01:01:01,0.900546608156652,1.002276114685632
33332,A*11:01:01:01,4.036143875221336,-1.3686301461578592
758,A*11:01:01:01,0.5515711887909394,-0.3949481917572517
30977,A*11:01:01:01,3.4561547324866004,-3.3683498021516973
32986,A*11:01:01:01,-0.7503833196980632,6.992351984886173
31780,A*11:01:01:01,1.6550013324000952,-1.1440338253362827
31770,A*11:01:01:01,2.352613232613783,1.3186575369093685
33282,A*11:01:01:01,1.25480488609005,-0.6426196864351144
1063,A*11:01:01:01,2.1137866788752686,3.2936346751445633
32105,A*11:01:01:01,0.14244077753327344,-0.7602966535695309
32821,A*11:01:01:01,-2.3068083360779275,-4.599975379164338
32407,A*11:01:01:01,2.6397104390756247,-1.429026651756931
34346,A*11:01:01:01,-0.38210325805891066,0.6076078701536951
32224,A*11:01:01:01,-0.6662298821585165,-3.117919200558425
7869,A*11:01:01:01,-3.495557395057198,-2.4267567816224243
22634,A*11:01:01:01,-1.0917248627905014,2.606205283783335
22486,A*11:01:01:01,1.4689418367600504,1.4244871729430773
31871,A*11:01:01:01,-1.1982423240608366,1.7135553751712342
32276,A*11:01:01:01,0.1878275445279304,1.5423316262415332
22565,A*11:01:01:01,0.5698231210895073,6.233307991436315
32223,A*11:01:01:01,0.12917283715152672,0.1782163830388692
32209,A*11:01:01:01,-0.9965957929059716,2.616411694919407
32521,A*11:01:01:01,0.9592308070526527,-4.985453847095401
31906,A*11:01:01:01,0.4331906322357373,0.24214119101342702
1632,A*11:01:01:01,2.8555632304638534,1.751026697466709
30091,A*11:01:01:01,3.190961077374076,3.735547457700705
21449,A*11:01:01:01,-1.2403641690828555,-0.5917573788652809
34507,A*11:01:01:01,-0.016970573106476622,0.0030400899927334746
33129,A*11:01:01:01,4.4359006911985315,2.920255833112512
21453,A*11:01:01:01,1.3740567955246683,0.7558186586504834
32868,A*11:01:01:01,0.23643597814299275,-0.33184246163146913
31534,A*11:01:01:01,2.5265239897161997,3.1351100552677815
32156,A*11:01:01:01,-2.258778543622629,2.0486800859437433
32973,A*11:01:01:01,4.421248575933208,-0.4110289975442487
32666,A*11:01:01:01,2.6223603937299442,-0.9950658266520881
32968,A*11:01:01:01,-1.6976199589882333,3.2007565035203385
31963,A*11:01:01:01,2.5175010114619143,4.720311886754536
4045,A*11:01:01:01,-2.2325300700396173,-1.6597533135732618
1052,A*11:01:01:01,0.5679290656342998,-3.1288304212038134
32371,A*11:01:01:01,4.04092230915751,1.6048563353603589
32206,A*11:01:01:01,1.1600318825162177,2.775798621095727
32412,A*11:01:01:01,0.3369495004352955,-0.5520363634037775
21462,A*11:01:01:01,1.422031512887382,0.5043293672512978
31948,A*11:01:01:01,-0.6421645510094679,2.361989135625314
32395,A*11:01:01:01,1.8263802599628807,5.177560982357709
32125,A*11:01:01:01,0.2878324415481359,-2.1723466142789922
33061,A*11:01:01:01,3.7877362926746683,-5.426612804104203
31980,A*11:01:01:01,0.9926800952211638,3.043514983819043
19556,A*11:01:01:01,3.676959720283531,-0.9856140946356822
34325,A*11:01:01:01,0.5001241252694155,-0.5376405425636559
32127,A*11:01:01:01,3.598652651048037,-3.3355797914450993
32083,A*11:01:01:01,-1.51744972990954,1.843314395151279
32621,A*11:01:01:01,-1.482660405070189,-2.2136410827855046
31827,A*11:01:01:01,-0.34200630630681317,-3.5504038331538235
32905,A*11:01:01:01,1.5450486494709976,4.772509190569594
32776,A*11:01:01:01,1.5349897387456708,-1.128782972091125
32203,A*11:01:01:01,-1.6896369548939503,-3.9215055659663944
32245,A*11:01:01:01,2.169309443339919,-4.528204884626577
33021,A*11:01:01:01,-0.5413657137463888,-4.054258351577623
21533,A*11:01:01:01,1.1503179169171003,2.617042740825316
31971,A*11:01:01:01,0.1393901667910626,0.9356078705449663
32324,A*11:01:01:01,0.4322454223550474,3.3958618144301767
34490,A*11:01:01:01,-0.3532420357445738,-1.7712504021344246
32856,A*11:01:01:01,1.8387849695111556,0.6657153856929036
32631,A*11:01:01:01,1.5858918048421327,-2.9251097555111736
32285,A*11:01:01:01,-0.81018229614179,0.7996453226177275
32591,A*11:01:01:01,1.8287934040624292,4.040529590434372
32077,A*11:01:01:01,1.675780138679652,4.8641216587961615
33214,A*11:01:01:01,-0.03434514966180922,-1.9526788559694972
31965,A*11:01:01:01,0.8835347520059275,-1.6886721933199766
32834,A*11:01:01:01,1.0065091907800323,0.9692151344973181
31819,A*11:01:01:01,-1.9003389559556492,1.5739654965455119
32938,A*11:01:01:01,0.890122651115544,-0.40881006253632945
32998,A*11:01:01:01,4.535528864656146,-2.8942532027364396
34508,A*11:01:01:01,0.25354406317692135,0.9937036444121267
31739,A*11:01:01:01,2.108278495740946,5.51916149148516
32303,A*11:01:01:01,-2.1624383318991507,0.745322802334945
32282,A*11:01:01:01,-0.3934813296723946,0.17480508651838866
29732,A*11:01:01:01,1.900578976109736,4.1923681048528545
30078,A*11:01:01:01,2.852806367159962,2.904102934182393
32519,A*11:01:01:01,-0.11864767828787698,-1.8761731207230983
31854,A*11:01:01:01,0.5161154845640813,-0.5066469925680587
32321,A*11:01:01:01,1.265867885708258,-2.065502852649008
32846,A*11:01:01:01,-0.9162455736088515,-3.9383097052689475
30988,A*11:01:01:01,3.156699755123782,-2.7351110527718556
33069,A*11:01:01:01,3.214461672713755,2.787346879510283
32121,A*11:01:01:01,1.5126591942393437,-0.3192235055677276
31878,A*11:01:01:01,1.3389332713682405,0.26641362468705954
32825,A*11:01:01:01,2.1220675625146237,-2.850295318325248
31883,A*11:01:01:01,-0.5361502161740319,-0.010240685787316017
31938,A*11:01:01:01,-0.6753508649745275,0.9336300596421422
32423,A*11:01:01:01,1.0423606190345711,1.3533040692977032
31993,A*11:01:01:01,4.3891182328577685,-1.552042386310182
31840,A*11:01:01:01,1.7303143698681906,-4.105300924915013
34533,A*11:01:01:01,1.8772184134794214,-2.6168850381381894
31899,A*11:01:01:01,0.38301704557896793,1.208259111766938
32668,A*11:01:01:01,-0.0561371610961387,5.536335235299268
29718,A*11:01:01:01,0.6031911967313294,-1.217445862334464
29731,A*11:01:01:01,-0.09589697615241832,1.9672873237534878
31843,A*11:01:01:01,-0.2742919234625974,0.012978176541707465
32427,A*11:01:01:01,3.5747376213183566,-2.568480173943036
34340,A*11:01:01:01,4.873442715450842,2.087233704610614
32233,A*11:01:01:01,5.03882958080643,3.1922002586749505
32229,A*11:01:01:01,2.84863750618319,1.2700259905081395
33034,A*11:01:01:01,0.4853107179943261,-0.9960124372626635
5459,A*11:01:01:01,2.6547474884404796,1.6825569170404768
32058,A*11:01:01:01,2.568561535534808,-1.9596276613330206
32138,A*11:01:01:01,0.9265966309090249,3.2802039932025564
32304,A*11:01:01:01,1.9104278140717341,2.324782643074789
32287,A*11:01:01:01,-0.791646896724111,0.08492336758807958
32294,A*11:01:01:01,2.6334619876052567,3.1349601987102114
33144,A*11:01:01:01,2.410425231329888,2.088249310767396
32193,A*11:01:01:01,0.5867855670542939,2.698785993001638
28822,A*11:01:01:01,4.719442426212661,-1.8868422219177745
32820,A*11:01:01:01,2.649028144496911,1.6730372833129128
31924,A*11:01:01:01,-0.39937042558056085,-1.295946093140592
32460,A*11:01:01:01,-0.5482399164720345,0.9405323368596838
32042,A*11:01:01:01,0.22161430613579752,1.3755773330670118
32807,A*11:01:01:01,1.8581973395755458,0.9086185545328206
32067,A*11:01:01:01,0.8775753945933347,1.393367559442861
32707,A*11:01:01:01,0.31499170365414886,3.9338586721706004
31799,A*11:01:01:01,5.860556512754004,-0.933296154886051
32517,A*11:01:01:01,1.3909734905402873,-0.041762024948528265
32190,A*11:01:01:01,1.1592171231487924,2.6983207985467343
32386,A*11:01:01:01,3.1966873651680614,1.0070861388996233
30755,A*11:01:01:01,0.32820503511072985,-3.0682969755708576
33063,A*11:01:01:01,0.6517524508287841,-0.8737882815252233
33104,A*11:01:01:01,0.4031873790933412,-0.6008766703896762
32073,A*11:01:01:01,-0.6096625352251116,-3.0541901459858316
32045,A*11:01:01:01,2.6551539863510785,1.477102613714789
31954,A*11:01:01:01,3.680248810099526,0.3469663788634819
32456,A*11:01:01:01,3.3864863529098193,4.683152400118047
31865,A*11:01:01:01,1.3757314032277603,0.16053175011303517
31862,A*11:01:01:01,-1.180340131683965,1.4089593835717882
32828,A*11:01:01:01,1.516961190526967,1.2587496909254217
34495,A*11:01:01:01,1.074877234438062,1.8864204909943667
31959,A*11:01:01:01,4.054529061683127,0.49073643011342827
32910,A*11:01:01:01,2.488366114327638,3.2877353439324173
21450,A*11:01:01:01,-0.39525912230103605,1.9207562645653906
31828,A*11:01:01:01,1.0781578512675019,-2.6660078092379713
32330,A*11:01:01:01,-0.39546240654242254,4.854985601780382
31869,A*11:01:01:01,3.9308770969799713,0.7568242097481611
32952,A*11:01:01:01,-0.7188400240036062,2.4986870033672073
31856,A*11:01:01:01,1.7844240021357232,1.3060429984816464
32119,A*11:01:01:01,0.15697939661633015,0.6361930825208357
33066,A*11:01:01:01,0.4893202272590491,3.662863656336947
33471,A*11:01:01:01,-1.748854569413098,-2.7687976257218523
32338,A*11:01:01:01,1.984919532196085,3.1863102553304694
32311,A*11:01:01:01,0.0066369753195174575,1.336648178700316
32501,A*11:01:01:01,0.31798043466388715,1.0783242144301042
33340,A*11:01:01:01,3.1016890533316452,3.0960489278427237
31966,A*11:01:01:01,-0.7020358647218754,-0.7960209038176258
31892,A*11:01:01:01,0.7360515296716708,4.798898204526109
32273,A*11:01:01:01,1.3857773504413395,-6.243153689559347
32685,A*11:01:01:01,0.18529336437371166,6.658051575569893
31969,A*11:01:01:01,1.046961566448014,0.6525647245598706
32200,A*11:01:01:01,2.332588346491939,0.5344924161019965
21378,A*11:01:01:01,-0.03944561083163545,0.18769341459856917
32041,A*11:01:01:01,3.0230947260365912,1.9878913688868003
32056,A*11:01:01:01,2.9389550617344535,-1.4872807741585163
14772,A*11:01:01:01,-0.6083843092211685,3.9518321074465614
32842,A*11:01:01:01,1.1025472100360914,2.4257708202156603
32993,A*11:01:01:01,3.1160570869755513,1.3711300723331405
32030,A*11:01:01:01,-1.8959311284187734,-0.3736079945054325
22586,A*11:01:01:01,0.700783518157712,2.6182968043738435
33236,A*11:01:01:01,-0.5176748208297371,2.314284480974388
33000,A*11:01:01:01,0.5416888544058591,6.33035640315976
21443,A*11:01:01:01,0.7475513810427846,1.594497134953321
30139,A*11:01:01:01,0.9025504341454746,-0.9396165774022454
30231,A*11:01:01:01,1.9382322516812196,-3.23910956992976
33103,A*11:01:01:01,0.24193602224194516,1.8019776076826215
31896,A*11:01:01:01,1.2742399121713497,0.49837858454560385
34348,A*11:01:01:01,-0.38210325805891066,0.6076078701536951
34501,A*11:01:01:01,3.984227307019858,-2.013272656178484
32743,A*11:01:01:01,-2.612381461018579,-0.8212104789762119
32844,A*11:01:01:01,1.9194305935677407,0.8873887019843354
31978,A*11:01:01:01,0.3988621945826482,-1.0191477590880496
31845,A*11:01:01:01,-0.3532660681267702,5.20896241764922
31808,A*11:01:01:01,1.0705776947059156,-2.8941162998319325
31700,A*11:01:01:01,0.13904086725190468,2.8036776403781203
33046,A*11:01:01:01,4.243683377749653,-0.5485071837767744
301,A*11:01:01:01,2.1457859607892393,3.1506850817226986
32558,A*11:01:01:01,2.180991385353529,-1.325183961024906
33042,A*11:01:01:01,0.13720963063367836,-1.2674801134730802
32853,A*11:01:01:01,-0.6039073183204657,-1.9708589726418384
33023,A*11:01:01:01,-1.1148699941395126,0.9996076759944765
32039,A*11:01:01:01,0.0866379187203814,-2.958098998011768
34534,A*11:01:01:01,-1.7014053599905687,-1.7935791497764213
33143,A*11:01:01:01,3.1499684386993048,-1.966294228696469
32024,A*11:01:01:01,0.5836738358731854,-2.8271739699516605
31933,A*11:01:01:01,-1.5992420659162452,1.378422741299797
32855,A*11:01:01:01,-1.073207642738967,-2.329788539907367
30072,A*11:01:01:01,-0.8424550905224824,2.7086652543121197
32745,A*11:01:01:01,3.5939373991753096,5.617480846296528
32988,A*11:01:01:01,-1.473171031687831,-0.9845246822087632
31781,A*11:01:01:01,0.23619906889613956,0.6019775886361844
34498,A*11:01:01:01,0.8296523874095416,0.5866481105446807
32804,A*11:01:01:01,-2.2101248526032835,1.1985344808500045
32799,A*11:01:01:01,1.5844227259576604,1.7868026334477416
32674,A*11:01:01:01,2.552384210923532,2.2035442394047324
32658,A*11:01:01:01,1.4137941265919691,1.4863016087185024
31848,A*11:01:01:01,0.5609078933468739,-2.2031154695984116
32072,A*11:01:01:01,1.9221120235916078,3.582332085667127
21458,A*11:01:01:01,4.794194895815164,-3.117193963030776
32092,A*11:01:01:01,1.2561565402326487,-3.6015091740473735
32358,A*11:01:01:01,-0.04819724536648728,2.8805600082080254
1475,A*11:01:01:01,-1.3061323962798543,1.1429804458476154
2061,A*11:01:01:01,3.5540030052909666,1.481531211195
32089,A*11:01:01:01,3.2769502468275853,-3.7622414226116225
32055,A*11:01:01:01,-1.2398232214611054,-0.5057662007237597
21380,A*11:01:01:01,-0.5846082078342495,0.29499771576696393
32697,A*11:01:01:01,3.601788944770225,-2.1071085970972585
21382,A*11:01:01:01,-0.7025456634872672,0.5790861782933998
32069,A*11:01:01:01,-0.5802407594288216,-1.3953280124514504
31858,A*11:01:01:01,1.6122389839453046,-0.24176593761674264
32536,A*11:01:01:01,-0.5051823188952993,-0.6506942176067064
32411,A*11:01:01:01,0.8546386910360382,-0.11122030681138878
30991,A*11:01:01:01,-0.6837141625027876,0.4166194376162127
32252,A*11:01:01:01,2.67212756796185,-0.36271824497584515
21663,A*11:01:01:01,0.6297455709082429,-0.6690582427518891
32955,A*11:01:01:01,-0.42875653585578,-4.143837980365909
32494,A*11:01:01:01,1.8591033682689826,0.05923528836975589
21963,A*11:01:01:01,-0.7277701935045752,2.922295678002854
32050,A*11:01:01:01,1.4482048286992804,6.025121298880342
32500,A*11:01:01:01,3.2516296363137056,-0.4262179212312702
32315,A*11:01:01:01,0.9568820455177968,-1.2124844209273706
32640,A*11:01:01:01,1.7138099515562768,1.3696596808316386
32047,A*11:01:01:01,1.579358696560485,0.5504055921076653
32031,A*11:01:01:01,1.60063244709238,0.1359191518833236
32341,A*11:01:01:01,0.8987452461019123,0.15110606355370185
31872,A*11:01:01:01,-0.15508246523916958,3.4223089191283833
33054,A*11:01:01:01,-0.7284797273241824,1.7075145364122162
32296,A*11:01:01:01,-0.798383891835467,3.9796715090018604
32369,A*11:01:01:01,1.12969090440411,0.47900550298204625
32808,A*11:01:01:01,1.677581432011621,2.567639081911221
31975,A*11:01:01:01,3.3899799493372393,0.5286996160601061
31928,A*11:01:01:01,1.1518999401711514,-0.7211022369001203
32453,A*11:01:01:01,-0.3321241272642102,-2.612346565344534
32284,A*11:01:01:01,-1.1033592143535529,0.598997957538105
21674,A*11:01:01:01,0.4273747220505907,-0.2920405714759653
32800,A*11:01:01:01,1.7677893197771082,0.8125369954696655
31887,A*11:01:01:01,0.7350143131961102,3.1182032647222275
32827,A*11:01:01:01,3.3770891943281414,0.9459644654825083
32518,A*11:01:01:01,0.9494828188464267,1.9040392378463569
32720,A*11:01:01:01,2.0400734527316673,2.941491038667395
32533,A*11:01:01:01,-0.3703896898594167,5.215356781647163
33167,A*11:01:01:01,-1.7457434442944129,0.498852880693837
