tcr_id,mhc_allele,score_tcr_p1,score_tcr_p2,score_tcr_p3,score_tcr_p4,score_tcr_p5,score_tcr_p6,score_tcr_p7,score_tcr_p8,score_tcr_p9,score_tcr_all,score_tcr_mhc
2nx5,B*35:01:01:01,-0.7613554305864787,0.0,0.515164025364589,2.70256937457908,0,0,0.0,2.210003406056343,0,4.666381375413534,2.3370511055463528
22560,B*35:01:01:01,0.04694618124929811,0.0,0.4363831475114746,-2.596702466111898,0,0,0.8794339705499731,1.30378562125919,0,0.06984645445803772,-1.2107108463060754
33315,B*35:01:01:01,0.0,0.0,0.7199584380106021,3.4142191295133433,0,0,0.0,2.630973668698521,0,6.765151236222467,4.19614779934579
30403,B*35:01:01:01,0.0,0.0,0.0,0.16233818362975083,0,0,0.0,0.8229203442163812,0,0.985258527846132,-0.9968616997006917
32798,B*35:01:01:01,-0.3231004996553236,0.0,0.0,1.5391315152882017,0,0,0.0,1.2176394962789343,0,2.4336705119118127,-0.7408575185564502
32596,B*35:01:01:01,0.0,0.0,0.0,1.06622661975792,0,0,0.0,0.10990700044470325,0,1.1761336202026231,-0.19054113977566606
31902,B*35:01:01:01,0.0,0.0,0.0,-1.3329386572652355,0,0,0.4362285344589617,2.002966813747786,0,1.1062566909415121,-4.604881985786741
32385,B*35:01:01:01,0.0,0.0,0.0,3.1863441802388226,0,0,1.2471587506752904,2.3107267642401204,0,6.7442296951542335,2.761243291406324
31744,B*35:01:01:01,2.0130174134468035,0.0,0.0,-0.37162237102142287,0,0,0.0,1.0206813228533171,0,2.662076365278698,-0.03278544806563083
31901,B*35:01:01:01,0.0,0.0,0.0,4.4256651960329645,0,0,0.8024729294138447,0.49400594506012274,0,5.722144070506932,-1.246249902606708
31741,B*35:01:01:01,2.1408507849566885,0.4910570384435679,1.4050215001705886,7.535864005244312,0,0,0.0,2.083720966423295,0,13.656514295238452,-0.6913186194777048
31685,B*35:01:01:01,0.0,0.0,0.0,2.2694526150418852,0,0,0.0,-1.696320032674763,0,0.5731325823671223,-0.9389837079282886
21392,B*35:01:01:01,-0.0354184272035427,-1.1465517509572287,0.8898574748059994,2.6523121343217224,0,0,-0.8069649830202555,-1.1355954928083438,0,0.4176389551383508,0.4701941212134501
32442,B*35:01:01:01,0.0,0.0,0.0,-0.21040103035465624,0,0,-0.3122687411841485,0.34694403767769216,0,-0.1757257338611125,6.16948836187904
32732,B*35:01:01:01,-0.3231004996553236,0.0,0.4363831475114746,0.8534955833982814,0,0,0.0,2.4287092149659193,0,3.3954874462203515,1.7720850894559128
33316,B*35:01:01:01,0.0,0.0,0.0,4.281362484251484,0,0,0.0,0.30903499565559484,0,4.590397479907079,2.319398704819865
33317,B*35:01:01:01,0.0,0.0,0.0,0.7799840430920626,0,0,0.0,3.2783518888931478,0,4.05833593198521,1.009081655189031
32435,B*35:01:01:01,0.9614111671546246,0.0,0.0,3.0643516578352585,0,0,0.0,1.3265977336781472,0,5.35236055866803,-1.0721225625060875
31937,B*35:01:01:01,1.0887316153810205,0.0,0.0,-1.9180985820719747,0,0,0.0,-0.14726501008707593,0,-0.9766319767780302,1.4158967601634
32355,B*35:01:01:01,0.0,0.0,0.0,-2.0085463821726535,0,0,0.0,2.511922697973101,0,0.5033763158004474,2.230461428495299
31772,B*35:01:01:01,0.0,0.0,0.0,2.670037916407143,0,0,0.0,-0.10006048897465725,0,2.5699774274324856,1.9987638934930367
31881,B*35:01:01:01,0.0,0.0,0.0,4.716061854322614,0,0,0.0,-1.696320032674763,0,3.0197418216478513,-1.2275188914908797
30993,B*35:01:01:01,0.0,-0.5275125425510053,0.4363831475114746,6.681737671210063,0,0,0.0,1.616450743647868,0,8.2070590198184,0.2681351619865494
32015,B*35:01:01:01,1.966497397811911,0.0,0.515164025364589,1.0412264905023565,0,0,0.0,0.9059819019445066,0,4.428869815623363,0.44171804170964724
30112,B*35:01:01:01,0.39714861068241303,0.0,0.4363831475114746,1.4164747648992626,0,0,0.0,2.5382448162545788,0,4.788251339347729,-3.6926620055134833
21398,B*35:01:01:01,0.0,0.0,0.7199584380106021,1.4828722268490595,0,0,0.0,2.1091743657588,0,4.312005030618462,-1.833644313112662
32719,B*35:01:01:01,0.0,0.0,0.0,3.879712525889111,0,0,0.0,1.771427842861724,0,5.651140368750835,2.1864212780132677
31832,B*35:01:01:01,0.0,0.0,0.0,5.839752749758923,0,0,0.0,0.06647831328412224,0,5.9062310630430455,-0.3654453982140101
22574,B*35:01:01:01,0.0,0.0,0.0,-1.2448408863768374,0,0,0.0,0.25027986872852415,0,-0.9945610176483133,2.5855349444960845
32465,B*35:01:01:01,0.0,0.0,0.0,2.557751584979072,0,0,0.5793293780996351,2.9074770183204373,0,6.044557981399144,-2.197876269679403
32681,B*35:01:01:01,0.3700466809046217,0.0,-0.8941198539800005,-0.26772907644312094,0,0,0.8416936425671261,0.18388459669936502,0,0.23377598974799146,3.310459113084272
32029,B*35:01:01:01,0.0,0.0,0.0,2.755590174528248,0,0,0.0,4.451011879669728,0,7.206602054197976,0.2629065265938253
32037,B*35:01:01:01,0.0,0.0,0.0,3.1536250606112795,0,0,0.0,2.5986339446522395,0,5.752259005263519,7.161660468798368
31989,B*35:01:01:01,0.0,1.1631508098056809,0.28825295546579943,-1.3018743542405604,0,0,0.0,1.4603566716812113,0,1.6098860827121313,1.2559175022294757
32096,B*35:01:01:01,1.292768303109067,0.0,0.0,1.3062102847790802,0,0,0.0,-1.2743998143875945,0,1.3245787735005528,-0.475960974218411
34497,B*35:01:01:01,0.7202491103377366,-0.8378162693076154,1.0876832181359195,1.1585557611124098,0,0,-0.1263965846671704,4.013906754883273,0,6.016181990494553,0.9772567134064293
33027,B*35:01:01:01,0.0,0.0,0.0,2.6994646536401588,0,0,0.0,2.459141116967633,0,5.158605770607792,1.3908802106574574
32970,B*35:01:01:01,1.5246646455328714,0.0,0.061865289788783695,-0.07617116514849842,0,0,0.0,-0.08295231509799506,0,1.4274064550751615,-3.526165027820883
32272,B*35:01:01:01,0.0,0.0,0.0,2.773514570198256,0,0,0.8416936425671261,2.507116091694613,0,6.122324304459996,4.368163578701925
32217,B*35:01:01:01,1.5863500976880363,0.0,-0.9661507024870285,6.116127326317127,0,0,0.0,1.6660279067511023,0,8.402354628269237,1.473332306339664
31762,B*35:01:01:01,1.292768303109067,0.0,0.0,4.379328312977073,0,0,0.0,2.343919080706383,0,8.016015696792524,4.043404892634302
31967,B*35:01:01:01,0.0,-0.5275125425510053,-1.1355168456035605,0.4915305973039892,0,0,0.0,-1.0682053223856722,0,-2.2397041132362485,4.399824836207779
856,B*35:01:01:01,0.0,0.0,0.0,4.051303888368561,0,0,0.0,0.21216042077209796,0,4.263464309140659,-0.7319131698382062
32239,B*35:01:01:01,0.9614111671546246,0.0,0.0,3.926873533765208,0,0,0.0,1.2176394962789343,0,6.1059241971987674,0.8387962923045785
32887,B*35:01:01:01,-0.6462009993106472,0.0,0.4363831475114746,-2.1428608465172125,0,0,0.0,2.046587993586287,0,-0.30609070473009803,-0.8848082465299848
32854,B*35:01:01:01,0.0,0.0,0.0,1.7384934217201882,0,0,-0.264640692194894,2.2042816503371454,0,3.6781343798624393,1.8262640814758284
1026,B*35:01:01:01,2.8174329486419385,0.4040456614539381,0.6822181100277551,0.33721540975136843,0,0,2.0721839431927154,1.0031860756864863,0,7.316282148754201,1.2943190087874832
22575,B*35:01:01:01,0.0,0.0,0.0,3.4835092124751976,0,0,0.0,0.020394099605697102,0,3.5039033120808947,1.9320341644281123
33242,B*35:01:01:01,0.0,0.0,0.0,2.3422281871690975,0,0,0.0,2.998848794023257,0,5.341076981192355,-0.10082153139973063
31922,B*35:01:01:01,1.966497397811911,0.4040456614539381,-0.38163736292987865,-0.6551386355065121,0,0,0.0,0.3275242334417684,0,1.6612912942712268,0.5070257022702074
1128,B*35:01:01:01,1.9177072336424787,0.0,-3.1651535451871213,-0.9728146826195576,0,0,0.0,1.1393104536668972,0,-1.0809505404973032,0.9333256285852021
32597,B*35:01:01:01,0.0,0.0,0.4686440097296961,0.8464702303510894,0,0,0.651160922525954,0.49109096636211425,0,2.4573661289688538,4.9056327965675175
85,B*35:01:01:01,0.0,0.0,0.0,5.480231395688045,0,0,0.0,-0.23539605931053253,0,5.244835336377513,-1.8795805005768045
29737,B*35:01:01:01,0.0,0.0,0.0,2.7389398874361284,0,0,0.0,1.2629984099525595,0,4.001938297388688,3.1619793571872457
31857,B*35:01:01:01,0.0,0.0,0.0,3.6169815274520722,0,0,1.167116043001754,1.0869541677641783,0,5.8710517382180045,5.01070625771735
32594,B*35:01:01:01,0.8542066685766645,-0.5275125425510053,-1.1355168456035605,-3.46235182598604,0,0,0.0,-1.3709203629100246,0,-5.6420949084739656,0.3297948426142269
32126,B*35:01:01:01,0.0,0.6452077182708262,0.0,0.4172995657551672,0,0,0.0,-0.5895793759689472,0,0.4729279080570463,-1.5164421065109035
21671,B*35:01:01:01,0.0,0.0,0.0,2.964678524630098,0,0,0.0,1.7413794892177739,0,4.706058013847872,-0.8634314399053269
32483,B*35:01:01:01,0.0,0.0,0.0,1.0811923042067162,0,0,0.0,-0.4566677948699094,0,0.6245245093368068,4.429664169790062
8897,B*35:01:01:01,0.0,0.6452077182708262,0.3670338333189138,3.6236736870284294,0,0,0.0,-0.11986103473109919,0,4.51605420388707,1.4534457601331892
4716,B*35:01:01:01,0.6249389305334118,0.0,0.419853845560264,2.67277036258518,0,0,-0.264640692194894,4.6825336049384925,0,8.135456051422455,2.570777741479855
32398,B*35:01:01:01,-0.1230447630871776,0.0,0.515164025364589,-0.8372512496820554,0,0,0.0,2.1947513934146663,0,1.7496194060100223,5.021358871650519
31970,B*35:01:01:01,-0.09120415723151931,0.0,0.6429973968744738,-1.7914627022388703,0,0,0.0,0.4573062115483233,0,-0.7823632510475926,2.82872088361962
32052,B*35:01:01:01,0.0,0.0,0.0,0.2220210504261681,0,0,0.0,1.5325566941741289,0,1.754577744600297,2.2050059180667723
31567,B*35:01:01:01,0.0,0.0,0.0,-0.2931249690765316,0,0,0.0,-0.39289976553639555,0,-0.6860247346129271,7.820552360203896
32415,B*35:01:01:01,0.0,0.0,0.0,2.601781074571837,0,0,0.0,3.4334082021697547,0,6.035189276741592,-0.803412091060194
71,B*35:01:01:01,0.0,0.0,0.0,0.3963582644263983,0,0,0.0,0.500376197961137,0,0.8967344623875353,1.8928432798022985
1014,B*35:01:01:01,0.7202491103377366,0.0,0.8898574748059994,2.086725024371243,0,0,0.0,1.5984107029457753,0,5.295242312460754,-3.705007124865721
31783,B*35:01:01:01,0.0,0.0,0.0,2.7479904260735415,0,0,0.0,0.8886461756312596,0,3.636636601704801,1.4058166148554272
31782,B*35:01:01:01,0.0,0.0,0.0,3.492588151865527,0,0,0.0,3.033638050337993,0,6.52622620220352,-1.296509408389065
32734,B*35:01:01:01,0.0,0.0,0.0,0.8863587639979004,0,0,-0.8069649830202555,-1.028838004603954,0,-0.9494442236263092,-4.977943962977365
31803,B*35:01:01:01,1.894711326437493,0.0,-0.1481301920456752,0.868182834562935,0,0,0.0,0.9434876548394989,0,3.5582516237942516,0.3536983521723457
31745,B*35:01:01:01,0.0,0.0,0.0,1.6918041419654637,0,0,0.0,1.366636530758207,0,3.0584406727236706,-0.7062393959808804
31785,B*35:01:01:01,0.0,0.0,0.0,-1.7794852016258187,0,0,0.0,2.014640363768465,0,0.23515516214264642,1.4356049676643214
30154,B*35:01:01:01,0.2318963424238043,0.0,0.0,0.65811979856981,0,0,0.0,2.168790286424078,0,3.058806427417692,1.9195538468658073
32505,B*35:01:01:01,0.0,0.0,0.0,7.374336220979542,0,0,0.0,2.5288528521912506,0,9.903189073170793,0.5436759487951738
32191,B*35:01:01:01,1.193307509578429,0.0,-0.8941198539800005,-1.8391575551402524,0,0,-0.4274753613153518,-0.2997048024319118,0,-2.2671500632890873,-1.8381934665878665
21451,B*35:01:01:01,0.6737290947028438,0.0,0.0,1.8775870026866996,0,0,0.0,2.0925041161489677,0,4.643820213538511,5.750996525415512
30076,B*35:01:01:01,0.0,0.0,0.0,8.82393211433997,0,0,0.0,2.7009501752093463,0,11.524882289549316,1.0513123301074967
21438,B*35:01:01:01,0.0,0.0,-0.24565937079756106,5.621497274575282,0,0,-0.4274753613153518,1.542068321352417,0,6.490430863814786,-0.4442241971658249
32025,B*35:01:01:01,0.3700466809046217,0.0,0.0,-0.41328279746389157,0,0,0.0,3.4323253490504753,0,3.389089232491205,0.781749589793084
21651,B*35:01:01:01,0.5314128725225884,-0.3553901200633227,0.515164025364589,3.9970822185306822,0,0,0.15185401678428334,-0.10725526233517091,0,4.73286775080365,1.4385884756742102
34530,B*35:01:01:01,0.0,0.0,0.0,5.502135829901198,0,0,0.0,0.39572626541394634,0,5.897862095315145,5.270708332522395
15334,B*35:01:01:01,0.0,0.0,0.0,3.7565096435177514,0,0,-0.5918536034033102,-0.1969711940927099,0,2.9676848460217315,2.70747718205464
31877,B*35:01:01:01,0.0,0.4040456614539381,0.6429973968744738,1.4866000443663834,0,0,0.0,-0.022404879460340532,0,2.511238223234455,3.539447931539524
32784,B*35:01:01:01,0.0,0.0,0.0,0.12846241631296731,0,0,0.0,-0.5342844219774765,0,-0.4058220056645092,-0.8755071667335639
32773,B*35:01:01:01,0.589520503329869,0.3087354816496133,0.4686440097296961,1.9510580922989944,0,0,0.0,2.0551426727137962,0,5.37310075972197,-4.9264910517410465
34532,B*35:01:01:01,0.2318963424238043,0.0,0.6822181100277551,-0.4363729069159181,0,0,0.5793293780996351,2.8420330988094786,0,3.899104022444755,7.292689461963123
21439,B*35:01:01:01,1.292768303109067,0.0,-0.8941198539800005,2.7334471242405294,0,0,0.0,0.3594997942120539,0,3.49159536758165,-4.560064861728376
31789,B*35:01:01:01,0.0,1.1631508098056809,0.4363831475114746,1.0620388141315742,0,0,-0.4274753613153518,0.563133096829883,0,2.7972305069632606,6.486658998903821
29729,B*35:01:01:01,0.0,-1.000597838334149,1.030328050729178,4.674052553553079,0,0,0.0,-2.5834468065060783,0,2.1203359594420297,0.6870117512255229
32772,B*35:01:01:01,0.0,0.0,0.0,2.732669596378813,0,0,1.2471587506752904,0.4087197602288244,0,4.3885481072829275,3.784816610783396
32673,B*35:01:01:01,0.0,0.0,0.0,3.0936380718727876,0,0,0.0,0.14171278016387534,0,3.235350852036663,-0.02567127039873429
30996,B*35:01:01:01,-0.1230447630871776,0.0,0.0,4.086055887714837,0,0,0.0,0.536643959416239,0,4.499655084043898,0.9562751438066566
302,B*35:01:01:01,0.0,0.0,0.5596157879354228,2.7993123271546785,0,0,0.0,-0.18515199907810037,0,3.1737761160120006,3.3404718042660337
34528,B*35:01:01:01,0.0,0.0,0.0,4.78962960593452,0,0,0.0,-1.2830224309233285,0,3.5066071750111916,-3.613329656332833
33073,B*35:01:01:01,1.492824039677213,0.0,0.5596157879354228,2.7762584355339035,0,0,0.0,0.9281226943564118,0,5.756820957502951,4.761719212217781
32497,B*35:01:01:01,0.0,0.0,0.0,1.2499026307047458,0,0,0.0,1.594233675250151,0,2.8441363059548967,1.1484946961591953
32019,B*35:01:01:01,0.0,0.7469904125807685,0.8898574748059994,1.0968990840501238,0,0,0.0,-1.6107676892644827,0,1.1229792821724092,0.5759231825568843
31851,B*35:01:01:01,0.0,0.0,0.0,4.688249784872258,0,0,0.0,-1.696320032674763,0,2.991929752197495,1.6408687510532651
31900,B*35:01:01:01,0.0,0.0,0.0,0.9002553312123953,0,0,0.915801614720848,1.2447634088088486,0,3.0608203547420922,0.365731839921405
31800,B*35:01:01:01,0.0,0.0,0.0,0.05569439863597481,0,0,0.0,2.1750747281585747,0,2.2307691267945495,1.9391292602501398
32838,B*35:01:01:01,0.0,0.0,0.0,-0.9424553656407652,0,0,0.0,2.922026641710169,0,1.9795712760694038,-4.137662363070108
31875,B*35:01:01:01,0.0,0.6452077182708262,-0.1481301920456752,-0.8419291189645209,0,0,0.0,0.5886773480453005,0,0.24382575530593054,2.625118780372905
31930,B*35:01:01:01,0.0,0.6452077182708262,-0.1481301920456752,2.3801327979687787,0,0,0.0,-0.8656810582741985,0,2.011529265919731,0.7873979452710163
1294,B*35:01:01:01,0.0,0.0,0.6822181100277551,0.6887113583384037,0,0,2.0549409617919134,-1.0175274248350774,0,2.408343005322995,0.4801856671754906
31820,B*35:01:01:01,0.0,0.0,0.0,-0.646559994281951,0,0,0.5793293780996351,0.31825718274902415,0,0.2510265665667083,1.4992159708066242
32715,B*35:01:01:01,0.0,0.4040456614539381,0.0,1.1292479293059916,0,0,0.0,-0.5895793759689472,0,0.9437142147909825,0.8850136586053466
32714,B*35:01:01:01,0.7202491103377366,0.0,-1.9535373560449139,-3.7873142207253405,0,0,0.0,-1.1202387110147336,0,-6.1408411774472516,5.086054372914568
32086,B*35:01:01:01,0.0,0.0,0.0,2.6470126160836465,0,0,0.0,2.2951417265583998,0,4.942154342642047,1.5611564555263195
32169,B*35:01:01:01,0.0,0.0,0.0,1.497448071140548,0,0,0.0,-1.4421547122804026,0,0.055293358860145414,1.8012858010669928
32809,B*35:01:01:01,0.0,0.0,0.0,4.120175149020485,0,0,-0.5918536034033102,0.7562806525973296,0,4.284602198214505,-1.7214070689423333
32806,B*35:01:01:01,0.0,0.0,0.0,3.272629607460273,0,0,0.8416936425671261,1.4448714471973785,0,5.559194697224778,2.530342117016889
32005,B*35:01:01:01,0.0,0.0,0.0,2.081815291042256,0,0,0.0,-0.17730715646691111,0,1.9045081345753447,3.2460995884214854
32943,B*35:01:01:01,0.0,0.0,0.0,3.2988902688437545,0,0,0.0,-1.696320032674763,0,1.6025702361689915,4.2594870163774345
31886,B*35:01:01:01,0.0,0.0,0.0,4.716133033190853,0,0,0.0,1.1239496790286991,0,5.8400827122195516,3.4364555124840193
29734,B*35:01:01:01,0.2318963424238043,0.0,0.0,1.9346708983787402,0,0,0.0,4.163435322985027,0,6.330002563787572,8.521511160067437
32325,B*35:01:01:01,0.0,0.0,0.0,0.762454766740382,0,0,0.5793293780996351,0.44764721890168724,0,1.7894313637417043,3.85545322738351
31823,B*35:01:01:01,1.292768303109067,0.6452077182708262,-0.6058668985142011,1.2276326759243374,0,0,0.0,1.645144567051469,0,4.2048863658414986,-2.9840845463693237
31950,B*35:01:01:01,0.0,0.4040456614539381,0.0,-0.9593487083774239,0,0,0.0,-0.5895793759689472,0,-1.144882422892433,1.7490682188112046
31915,B*35:01:01:01,0.0,0.0,0.0,3.065310589892789,0,0,0.0,2.922645858652169,0,5.987956448544958,-0.38589477929737726
32135,B*35:01:01:01,0.0,0.0,0.0,2.3132903265511366,0,0,0.0,1.8818378002416885,0,4.1951281267928255,0.15609578283387338
31821,B*35:01:01:01,0.0,0.0,0.0,0.49332237545904034,0,0,0.0,2.0985564422950027,0,2.591878817754043,0.8155374063570904
32353,B*35:01:01:01,0.0,0.0,0.0,6.044771802724,0,0,0.0,1.8871376254240977,0,7.9319094281480975,0.7236468732887219
32989,B*35:01:01:01,0.0,0.0,0.0,-3.201120907639709,0,0,0.915801614720848,0.09120231339356405,0,-2.194116979525297,1.6293726201706584
31956,B*35:01:01:01,0.0,0.0,0.0,2.8040310754467184,0,0,0.0,1.5360586669894867,0,4.340089742436205,1.002183416872973
32076,B*35:01:01:01,0.0,0.0,0.7199584380106021,9.310707822745492,0,0,0.0,2.451413114580368,0,12.482079375336461,0.6023649008296182
32177,B*35:01:01:01,1.292768303109067,0.0,0.0,-0.10128440532819838,0,0,0.0,0.9573388384701769,0,2.1488227362510455,-0.18613111329020282
32057,B*35:01:01:01,1.292768303109067,0.0,0.0,-0.6030154208972069,0,0,0.0,2.3960537386474328,0,3.0858066208592927,2.8293404457324334
32997,B*35:01:01:01,0.0,-1.1465517509572287,1.0876832181359195,0.6606567050910369,0,0,0.06518434624298486,0.8926985364822804,0,1.5596710549949928,-1.9290303147332308
32851,B*35:01:01:01,2.6867465081496475,0.0,0.0,1.6681304520468234,0,0,0.0,-0.37040856140128564,0,3.984468398795185,-0.5111152161513871
1274,B*35:01:01:01,0.9614111671546246,0.7469904125807685,-0.3937895628432363,1.9695595708535,0,0,0.0,1.4221030513477753,0,4.706274639093433,1.254381348325162
32100,B*35:01:01:01,0.3700466809046217,0.0,0.0,-0.8566996485436942,0,0,0.0,4.749752175212375,0,4.263099207573303,5.943321551699282
32360,B*35:01:01:01,0.0,0.0,0.0,4.0725745149527635,0,0,0.0,2.5077290244625385,0,6.580303539415302,5.481818360893928
32468,B*35:01:01:01,0.0,0.0,0.0,0.07081940632509384,0,0,0.0,0.9726260409275815,0,1.0434454472526753,0.7272941582070489
29727,B*35:01:01:01,0.0,0.0,0.0,1.8382836810784347,0,0,-0.8069649830202555,1.3122666724821734,0,2.343585370540352,-0.09068167320397619
32087,B*35:01:01:01,0.0,0.0,0.0,2.7194446996032022,0,0,0.0,3.9164079117372252,0,6.635852611340427,4.13234880036827
32216,B*35:01:01:01,0.9614111671546246,0.0,0.0,6.514169856662713,0,0,0.0,2.6109550675917323,0,10.08653609140907,1.4187667886616298
32221,B*35:01:01:01,0.2318963424238043,0.0,0.0,-1.395889384584399,0,0,0.0,2.1322776911573285,0,0.9682846489967338,8.249042436464682
32219,B*35:01:01:01,0.0,0.0,0.0,3.29737782377971,0,0,0.0,0.5505517515786797,0,3.8479295753583895,2.8294021796612427
31979,B*35:01:01:01,0.0,0.0,0.0,3.2502895573832746,0,0,0.0,3.044698394965809,0,6.294987952349084,3.159735209252613
33039,B*35:01:01:01,0.0,0.0,0.0,2.989164809786869,0,0,0.0,2.848377113324331,0,5.8375419231112,3.5403980070639878
30989,B*35:01:01:01,-0.3231004996553236,-0.12346688109706722,-1.1355168456035605,-0.6910486052393661,0,0,-0.8069649830202555,4.867336476429242,0,1.7872386618136686,-3.043548200626745
21452,B*35:01:01:01,0.8480824818476214,0.4910570384435679,-1.1355168456035605,7.339835709916868,0,0,0.0,6.003173014057078,0,13.546631398661575,0.3526094570549524
31868,B*35:01:01:01,0.0,0.6452077182708262,-0.1481301920456752,-0.717019459151363,0,0,0.0,1.3414166258074913,0,1.1214746928812793,-0.3453724351091012
32017,B*35:01:01:01,0.0,0.0,0.0,2.066196360783454,0,0,-0.8069649830202555,2.35589682673293,0,3.6151282044961284,2.777434569383949
32974,B*35:01:01:01,0.0,0.0,0.0,2.3168373336026913,0,0,0.0,3.280324983086851,0,5.597162316689542,-0.11227023807816014
33142,B*35:01:01:01,0.0,0.0,0.8898574748059994,6.386548501967821,0,0,0.0,0.8444194875876258,0,8.120825464361447,-1.447000095293079
32499,B*35:01:01:01,0.0,0.0,0.0,4.794080997927083,0,0,0.0,-1.696320032674763,0,3.0977609652523204,1.684841744580895
33065,B*35:01:01:01,0.0,0.0,0.0,2.608929766817172,0,0,0.0,0.4765854881583045,0,3.0855152549754763,2.9440755658309254
32099,B*35:01:01:01,0.0,0.0,0.0,2.2141764309875023,0,0,0.0,-0.022404879460340532,0,2.191771551527162,0.2715151362895616
30168,B*35:01:01:01,0.0,0.0,0.0,4.544440875008791,0,0,0.0,2.872702771215966,0,7.417143646224757,1.2057308591107478
31846,B*35:01:01:01,0.0,0.0,0.0,4.812851943140859,0,0,1.2471587506752904,-0.3207021772527835,0,5.739308516563366,5.66709956870545
32579,B*35:01:01:01,0.0,0.0,0.0,3.925308069528765,0,0,0.8416936425671261,0.47694559902155986,0,5.243947311117451,0.5114692156592222
32446,B*35:01:01:01,-0.3231004996553236,0.0,0.8898574748059994,0.5323053358220438,0,0,0.0,-0.1901308940397455,0,0.9089314169329741,2.8394744187414585
32113,B*35:01:01:01,0.0,0.0,0.0,3.3592727096593036,0,0,-0.8069649830202555,0.506739744383639,0,3.059047471022687,1.384355950633856
32410,B*35:01:01:01,0.3700466809046217,0.0,0.0,3.533741021313993,0,0,0.0,0.18819266068208174,0,4.0919803629006966,6.560157592164664
32848,B*35:01:01:01,0.0,0.4040456614539381,0.0,0.863622728910451,0,0,0.0,-0.8223813496138915,0,0.4452870407504975,-1.3929256295957484
32002,B*35:01:01:01,-0.7613554305864787,-1.000597838334149,1.7125461607569332,3.92523778859849,0,0,-0.264640692194894,-0.6061249542971231,0,3.005065033942779,-0.09653218947819861
32405,B*35:01:01:01,-0.7613554305864787,0.0,0.8898574748059994,5.630261548284356,0,0,0.0,0.30560178799135257,0,6.064365380495229,-0.724057004926115
32826,B*35:01:01:01,-0.0354184272035427,0.6452077182708262,-1.273075682595412,0.8632039383434793,0,0,0.0,0.6968245926050369,0,0.8967421394203878,3.66741627264989
32735,B*35:01:01:01,1.292768303109067,0.0,0.0,1.9053874959464667,0,0,0.0,3.6484983432136118,0,6.846654142269145,4.074075608271622
32829,B*35:01:01:01,0.0,0.0,0.0,2.6410706302600437,0,0,0.5793293780996351,1.9971742516724023,0,5.217574260032081,-0.799356885470288
21377,B*35:01:01:01,0.3700466809046217,0.0,0.0,3.587545174608241,0,0,1.015557912558597,5.589234195621834,0,10.562383963693293,-0.8144215021778416
32188,B*35:01:01:01,0.0,1.1631508098056809,0.4363831475114746,1.5232205892096875,0,0,-0.3122687411841485,0.02079524444512154,0,2.8312810497878163,2.106337304099164
32192,B*35:01:01:01,0.0,0.0,0.0,0.39454582003601746,0,0,0.0,-0.1172536230013338,0,0.27729219703468366,0.7717429355368997
31729,B*35:01:01:01,0.0,0.0,0.0,0.21550139553007752,0,0,0.0,1.055003930809921,0,1.2705053263399986,-1.376490424029371
33238,B*35:01:01:01,0.0,0.0,-1.1355168456035605,3.7761374478815135,0,0,0.6540098900517093,1.5591961211246992,0,4.853826613454361,-1.646433208507015
31740,B*35:01:01:01,-0.938593925159801,0.0,0.5596157879354228,1.709354615058131,0,0,0.0,3.6917134721857385,0,5.022089950019492,3.3657193404848824
34509,B*35:01:01:01,0.04694618124929811,0.0,0.0,-1.7540753792539336,0,0,-0.3122687411841485,0.7020018362552094,0,-1.3173961029335748,6.409267229932089
31738,B*35:01:01:01,0.0,0.3087354816496133,1.188602447740298,3.4183862133136236,0,0,0.0,3.6169554445389385,0,8.532679587242473,1.7503933935637062
32150,B*35:01:01:01,0.0,0.0,0.0,1.2537940845480813,0,0,-0.8069649830202555,1.305974062346834,0,1.7528031638746597,3.120163605693764
32120,B*35:01:01:01,0.6249389305334118,0.0,0.0,2.545936052723145,0,0,0.0,0.008314653587796594,0,3.1791896368443537,-2.383264846735349
31910,B*35:01:01:01,-0.01597034697720001,0.0,0.1335266624347104,0.9447678894268401,0,0,0.0,1.7903536629562222,0,2.8526778678405726,1.7145504115290302
33079,B*35:01:01:01,0.0,0.0,0.0,1.1135346619727882,0,0,0.0,-0.11818136843609015,0,0.995353293536698,-0.717410351817614
34504,B*35:01:01:01,0.0,0.0,0.0,5.318232305831564,0,0,0.0,1.9738225319458622,0,7.292054837777426,-1.9397021176053701
32843,B*35:01:01:01,0.0,0.0,0.0,6.9075370917386785,0,0,0.0,1.26148359131893,0,8.169020683057608,3.387357322061489
32866,B*35:01:01:01,0.04694618124929811,0.0,0.4363831475114746,-3.197044111191042,0,0,0.0,2.0054647808646706,0,-0.7082500015655988,2.959759231668311
32000,B*35:01:01:01,0.0,0.0,0.0,2.3744574705443466,0,0,0.0,0.7134461288551958,0,3.0879035993995423,-1.829804960068306
32450,B*35:01:01:01,1.292768303109067,0.6452077182708262,-0.7684830122846467,1.525793525922511,0,0,0.0,0.7959251616232241,0,3.4912116966409816,-0.6576728690201475
32956,B*35:01:01:01,0.0,0.0,0.0,1.729393163344367,0,0,0.0,3.701538448163155,0,5.430931611507522,-2.1417677092990273
644,B*35:01:01:01,-1.0844559302418024,0.0,0.6429973968744738,0.31413861777110563,0,0,0.0,0.12870386930718017,0,0.0013839537109571476,1.5426846309502724
32023,B*35:01:01:01,0.0,0.0,0.0,3.094889456358461,0,0,0.8416936425671261,2.2565649653552597,0,6.193148064280846,2.7619696361346913
33250,B*35:01:01:01,3.028153979957591,0.6452077182708262,-0.1481301920456752,0.9250496906002661,0,0,0.0,-0.9751618358211063,0,3.4751193609619015,5.793272190838561
31863,B*35:01:01:01,0.0,-1.1465517509572287,0.9395530260902443,3.7994156167064377,0,0,0.0,2.923808263978993,0,6.5162251558184465,3.5225746025180764
32530,B*35:01:01:01,2.0130174134468035,0.0,0.0,-1.2928900362987072,0,0,0.0,1.510963974062197,0,2.231091351210293,-1.5238493456504636
31790,B*35:01:01:01,0.0,0.0,0.0,2.0223130096870463,0,0,0.0,0.2624132788070772,0,2.2847262884941237,0.5209309956889288
32723,B*35:01:01:01,0.0,0.0,0.0,-1.1268211793568466,0,0,0.0,0.15670027521188876,0,-0.9701209041449578,-1.651813130943383
32942,B*35:01:01:01,0.0,0.0,0.0,1.8839991862176748,0,0,0.0,-0.888153914126257,0,0.9958452720914178,2.1745369961157515
32852,B*35:01:01:01,0.0,0.0,0.0,-0.8041217632231377,0,0,1.2471587506752904,2.569907326559687,0,3.0129443140118397,7.1873288473715995
22625,B*35:01:01:01,-0.3585189268588663,0.0,0.0,-0.15543192416006546,0,0,-0.3122687411841485,-3.4385529721422365,0,-4.264772564345317,5.093885127003656
34505,B*35:01:01:01,0.3700466809046217,0.0,-1.1355168456035605,-0.19217128032960662,0,0,-0.8069649830202555,1.2321909726629694,0,-0.5324154553858316,0.7680411820857431
21447,B*35:01:01:01,1.9177072336424787,0.6452077182708262,-0.1481301920456752,1.781291562117017,0,0,0.0,1.323796910567741,0,5.519873232552388,-0.21433822178744652
32038,B*35:01:01:01,0.0,-0.5275125425510053,-1.1355168456035605,0.8375825133128028,0,0,0.0,-0.015174066946046505,0,-0.8406209417878094,-0.1388849600248237
32729,B*35:01:01:01,0.0,0.0,0.0,1.3521509439814303,0,0,-0.8069649830202555,1.9467238415610677,0,2.4919098025222426,0.32162454570468213
32314,B*35:01:01:01,0.0,0.0,0.0,5.31621490609462,0,0,0.0,0.03283161213671884,0,5.349046518231339,2.907369994283974
786,B*35:01:01:01,-1.0844559302418024,0.0,0.6429973968744738,0.7494590748731853,0,0,0.0,-0.13426117619370156,0,0.1737393653121551,0.755456613296099
32520,B*35:01:01:01,0.0,0.0,-0.8941198539800005,1.7745846777852154,0,0,-0.3122687411841485,2.40521212973739,0,2.973408212358456,1.7792176555965244
32888,B*35:01:01:01,1.292768303109067,0.0,0.0,0.3644774038198255,0,0,0.0,1.9120304615407206,0,3.5692761684696133,0.32668087239915977
33135,B*35:01:01:01,0.0,0.7469904125807685,1.7797149496119988,5.482564809527835,0,0,0.0,2.321896327054746,0,10.331166498775348,3.5068024172447667
31776,B*35:01:01:01,0.0,0.0,0.6822181100277551,2.1058800352649283,0,0,0.0,0.7710668812309733,0,3.5591650265236567,-0.6196316615266682
31701,B*35:01:01:01,0.5314128725225884,0.0,-1.3866393027090873,4.45533101311265,0,0,0.0,0.2938234718153313,0,3.8939280547414823,0.6581107836234907
31927,B*35:01:01:01,0.0,0.0,0.0,6.949101645104236,0,0,0.0,-0.11725274494380333,0,6.831848900160432,-2.7097897202354995
33333,B*35:01:01:01,0.0,0.0,0.0,1.027937253426368,0,0,0.0,-0.0440289030485744,0,0.9839083503777936,0.33702917252639325
31839,B*35:01:01:01,0.04694618124929811,0.0,0.4363831475114746,6.231738234047402,0,0,0.0,-0.5676558996051672,0,6.147411663203007,0.6091715461071232
31595,B*35:01:01:01,0.0,0.0,0.0,1.484239268549516,0,0,1.757495257287974,2.111307535887396,0,5.353042061724886,3.9977012138136936
31936,B*35:01:01:01,0.0,0.0,0.0,3.8071782863681554,0,0,0.0,1.406069767575795,0,5.21324805394395,3.2692279697256543
5867,B*35:01:01:01,0.0,0.0,0.0,1.1218898909724193,0,0,0.0,3.9119296034849347,0,5.033819494457354,1.73704969164914
32333,B*35:01:01:01,0.9614111671546246,0.0,0.0,2.146228114247582,0,0,0.0,2.6109550675917323,0,5.718594348993939,1.0594232840822837
33074,B*35:01:01:01,0.0,0.0,0.0,4.5105415096986405,0,0,0.0,2.075934427564255,0,6.586475937262895,0.29201628200951146
32230,B*35:01:01:01,-1.584586264891045,1.1631508098056809,0.4363831475114746,3.2729951629472818,0,0,0.0,0.8755367137456181,0,4.16347956911901,2.7628515196494825
32364,B*35:01:01:01,0.0,0.6452077182708262,-0.1481301920456752,1.0202850611170238,0,0,0.0,0.9991141279233386,0,2.5164767152655134,9.439265322640187
32944,B*35:01:01:01,0.0,0.0,0.0,6.092331188339077,0,0,0.0,1.2865978073579036,0,7.378928995696981,-3.219201104485372
32721,B*35:01:01:01,0.0,0.0,0.0,0.47297379633190706,0,0,0.0,3.7855246838472687,0,4.258498480179176,1.2184517438705944
32250,B*35:01:01:01,0.0,0.0,0.0,-0.4641475201097872,0,0,0.0,0.7920801944639106,0,0.32793267435412343,-1.6855565163735908
32237,B*35:01:01:01,-0.46754917140565505,0.6452077182708262,-0.8941198539800005,-0.47238941420752956,0,0,0.0,-0.6557942756313038,0,-1.8446449969536627,4.5528180530498545
32226,B*35:01:01:01,-1.1606963519656004,0.0,0.6429973968744738,0.3269421262014566,0,0,0.0,1.7880344818548126,0,1.5972776529651425,2.432823654700237
31973,B*35:01:01:01,0.0,0.0,0.0,3.2945362646817964,0,0,0.915801614720848,3.938547574872791,0,8.148885454275435,0.4327480608630072
31991,B*35:01:01:01,1.5246646455328714,0.0,0.09960561777163068,2.513509206497201,0,0,0.0,0.9831261999099616,0,5.120905669711665,1.963195199344382
31968,B*35:01:01:01,0.0,0.0,-0.38163736292987865,8.527372797365125,0,0,0.5793293780996351,0.9458480782051122,0,9.670912890739991,6.342992780285236
32148,B*35:01:01:01,0.0,0.0,0.0,4.2853741124918585,0,0,0.0,3.58832280762797,0,7.873696920119828,0.009196859682610636
32035,B*35:01:01:01,0.0,0.3087354816496133,0.7199584380106021,-0.12221940627663241,0,0,0.0,3.60359021930645,0,4.510064732690033,3.5121481746140524
32189,B*35:01:01:01,0.3700466809046217,-0.5275125425510053,-0.41555840759295837,2.2244687947523363,0,0,0.0,0.007788327209768825,0,1.659232852722763,2.551213613867322
32366,B*35:01:01:01,0.0,0.0,0.7199584380106021,2.1534595745645264,0,0,0.0,0.9842447687733166,0,3.857662781348445,-1.963757736167101
32642,B*35:01:01:01,0.0,0.0,0.0,1.315460962106106,0,0,0.0,1.3125167828955708,0,2.627977745001677,4.991429454713222
33085,B*35:01:01:01,0.0,0.0,0.0,4.604674350818893,0,0,1.2471587506752904,1.5073320488969342,0,7.359165150391118,8.733912726156909
31987,B*35:01:01:01,-0.27076455258414567,0.0,0.515164025364589,2.3667268528942245,0,0,0.0,1.2480196360392757,0,3.8591459617139434,7.020321243785138
32840,B*35:01:01:01,0.2000557365681459,0.0,0.4363831475114746,4.469804898027426,0,0,0.0,1.9343374368490869,0,7.040581218956133,-1.1523986291408381
1012,B*35:01:01:01,0.0,0.0,0.0,4.918262546240809,0,0,0.0,-1.7254608343201239,0,3.1928017119206853,1.5402108758500836
21441,B*35:01:01:01,1.218129162752243,0.0,-0.24565937079756106,2.145484114161765,0,0,0.0,2.6640529585140436,0,5.782006864630491,-0.6553618342116124
31773,B*35:01:01:01,0.0,0.0,0.0,0.9622574361379119,0,0,0.0,3.264624842180028,0,4.22688227831794,1.6110701037027768
31704,B*35:01:01:01,0.0,0.0,0.0,2.1396204738875113,0,0,-0.4274753613153518,0.23470918672231134,0,1.946854299294471,3.909003370505609
31753,B*35:01:01:01,0.04590505674088763,0.0,0.3032622814123437,0.198741255498796,0,0,0.0,1.5709908344819183,0,2.118899428133946,3.5884961373082795
32771,B*35:01:01:01,0.0,0.0,0.0,-1.1617380541556754,0,0,0.0,3.09502341250867,0,1.9332853583529948,3.3922683684527932
32824,B*35:01:01:01,0.0,0.0,0.0,2.9745321794647612,0,0,0.0,0.5889735563560181,0,3.5635057358207796,-0.3508231297448994
31898,B*35:01:01:01,0.0,0.0,0.0,-0.6824395550000937,0,0,0.0,0.813234944449448,0,0.13079538944935432,-0.4243018464873033
30994,B*35:01:01:01,0.0,1.1631508098056809,0.4363831475114746,2.976636317664781,0,0,0.0,-0.2019507482108415,0,4.374219526771095,0.6868190647081619
31784,B*35:01:01:01,1.5246646455328714,0.4040456614539381,0.6822181100277551,1.9347497675952732,0,0,0.0,1.5511428262705957,0,6.096821010880433,1.2205799453423887
31802,B*35:01:01:01,0.0,0.0,0.0,1.4259916210608348,0,0,0.0,3.638875086790801,0,5.064866707851635,4.778165673048292
32118,B*35:01:01:01,0.0,0.0,0.0,4.637052857935151,0,0,0.5793293780996351,1.6663274803432035,0,6.882709716377989,0.23950941477051846
21408,B*35:01:01:01,1.525613862500204,-1.1465517509572287,-0.09806207243075116,2.825937410796577,0,0,-0.5174338615292349,1.7290452535655971,0,4.318548841945163,0.25795257329681803
32769,B*35:01:01:01,0.0,0.3087354816496133,0.0,0.4032963789774202,0,0,0.0,1.1341266300140915,0,1.846158490641125,1.0575766267809439
1009,B*35:01:01:01,0.0,0.0,0.0,3.171960338900574,0,0,0.0,1.4028057819118658,0,4.5747661208124395,2.415900083082571
31889,B*35:01:01:01,0.0,0.0,0.0,5.819490973053142,0,0,0.0,1.7192716640982688,0,7.538762637151411,2.6308677848476965
31879,B*35:01:01:01,-0.3585189268588663,0.0,1.9682129037767027,2.6622826289768904,0,0,0.0,2.9673355314553103,0,7.239312137350037,8.168248452011813
32103,B*35:01:01:01,0.0,0.0,0.0,3.8608805896943004,0,0,0.8416936425671261,2.2139782124552463,0,6.916552444716673,3.029456659428974
31916,B*35:01:01:01,0.0,0.0,0.0,3.821302763546491,0,0,0.0,1.5360586669894867,0,5.357361430535978,0.39284853945818365
31982,B*35:01:01:01,-0.7613554305864787,0.4040456614539381,1.4021765480383572,6.653127850034117,0,0,0.0,1.4969798688636773,0,9.194974497803612,10.235235834321179
32348,B*35:01:01:01,0.0,0.0,0.0,-1.2892823861780585,0,0,0.0,2.5201186419916537,0,1.2308362558135952,0.37979004279229944
32614,B*35:01:01:01,0.0,0.0,0.0,2.0770828757553423,0,0,0.0,0.25076490870361845,0,2.3278477844589607,-3.545110040080502
33052,B*35:01:01:01,1.218129162752243,0.0,-2.271033691207121,-2.078555537966799,0,0,0.0,3.388794504492206,0,0.25733443807052936,-1.4150457370170484
32918,B*35:01:01:01,0.0,0.0,0.6822181100277551,3.116595457005314,0,0,0.0,1.5544427813238626,0,5.353256348356932,-2.5539189823473496
32940,B*35:01:01:01,0.6249389305334118,0.3087354816496133,0.419853845560264,1.2134962152880169,0,0,0.0,2.6105901554793727,0,5.177614628510678,-2.300094360510461
20942,B*35:01:01:01,0.5314128725225884,-1.000597838334149,-0.3028564850767642,9.692590030759058,0,0,0.0,0.07440433974017513,0,8.994952919610908,0.28368915322860827
32403,B*35:01:01:01,0.0,0.0,0.0,-0.47408242256890004,0,0,0.0,-0.26037964346564985,0,-0.7344620660345499,-0.8538658505501557
34546,B*35:01:01:01,-1.584586264891045,1.1631508098056809,0.9515471728760636,2.687494512027583,0,0,0.07246898752971753,-0.35173919081647187,0,2.938336026531528,0.3775572748559517
32151,B*35:01:01:01,-0.7613554305864787,-1.000597838334149,0.8034169808303884,4.677362086860156,0,0,0.915801614720848,-0.3885217757118006,0,4.246105637778964,0.8247819421350012
29738,B*35:01:01:01,0.0,0.0,0.0,4.913796553712351,0,0,0.8416936425671261,3.4877876533585566,0,9.243277849638034,1.741225191077241
991,B*35:01:01:01,1.525613862500204,-1.1465517509572287,-0.09806207243075116,2.1244986162659583,0,0,2.374564963370456,1.76022583640475,0,6.540289455153388,2.343577165702692
32569,B*35:01:01:01,-1.5227108611729574,-1.000597838334149,0.515164025364589,2.361736255042629,0,0,0.0,0.32811309387085874,0,0.6817046747709701,5.215523586605954
32470,B*35:01:01:01,0.0,0.0,0.0,0.9444600175179012,0,0,0.0,3.0352270201487244,0,3.9796870376666256,0.4817300674566495
31822,B*35:01:01:01,2.1408507849566885,0.0,0.0,-1.8768768670332379,0,0,0.0,2.863846831552317,0,3.1278207494757675,5.559284054250307
21385,B*35:01:01:01,1.525613862500204,-1.1465517509572287,-0.09806207243075116,2.1676340441415225,0,0,-0.9625900519646039,2.3617776301718334,0,3.8478216614609764,2.6439072697935293
32176,B*35:01:01:01,0.0,0.0,0.8898574748059994,0.12811258125197023,0,0,0.0,1.6666372101060964,0,2.684607266164066,7.848766057821757
32408,B*35:01:01:01,0.0,0.0,0.0,1.925643588356818,0,0,0.0,-1.696320032674763,0,0.22932355568205498,-1.8259778566029077
32228,B*35:01:01:01,0.0,0.0,0.0,1.3394946723019847,0,0,0.0,2.1633282071401174,0,3.5028228794421024,-1.0307495901036468
32251,B*35:01:01:01,0.9614111671546246,0.0,0.0,3.3627258636594544,0,0,0.0,1.2043942695289138,0,5.528531300342992,-0.23685253592204536
32257,B*35:01:01:01,1.5246646455328714,0.0,-0.3600319359979206,0.3883621147743619,0,0,0.0,1.8593465344431734,0,3.412341358752486,0.16774065300839408
32196,B*35:01:01:01,-0.4267271768853997,0.0,0.515164025364589,2.5085612995912827,0,0,0.0,-1.5589454268652345,0,1.0380527212052375,3.8426025779026647
31712,B*35:01:01:01,0.0,0.0,0.0,3.3251008250695713,0,0,0.0,-1.0141596123406023,0,2.3109412127289692,-0.6257599568533607
32207,B*35:01:01:01,0.6249389305334118,0.0,0.0,-0.5564222977936354,0,0,0.0,1.3439652818889323,0,1.4124819146287086,3.619015033187693
32234,B*35:01:01:01,0.04694618124929811,0.0,0.4363831475114746,2.509464403831368,0,0,-0.4274753613153518,3.974223196352019,0,6.539541567628808,-1.0128457547446668
30984,B*35:01:01:01,0.0,0.0,0.0,1.18913299606724,0,0,1.2471587506752904,0.08206501757784845,0,2.5183567643203792,5.729196913674533
31841,B*35:01:01:01,0.0,0.0,0.0,2.5704013135513293,0,0,-0.264640692194894,1.41234706181727,0,3.7181076831737054,1.2909218087330567
31844,B*35:01:01:01,-1.5635328556932127,0.3087354816496133,-0.41555840759295837,1.4071829114664927,0,0,0.0,1.0426503207204891,0,0.7794774505504241,-3.2529891423805726
32964,B*35:01:01:01,0.04694618124929811,-0.5275125425510053,-1.1355168456035605,-0.29160616679895757,0,0,0.0,0.22105420868129977,0,-1.6866351650229254,-2.2999963608171945
519,B*35:01:01:01,0.0,0.0,0.0,1.6494077905955467,0,0,0.0,-0.7651434239603455,0,0.8842643666352011,0.7539994083304303
31894,B*35:01:01:01,0.0,0.0,-0.8941198539800005,3.3801978032022446,0,0,0.0,1.1630114678593493,0,3.6490894170815933,0.3156344909004519
31855,B*35:01:01:01,2.0130174134468035,0.0,0.0,1.2631191519814906,0,0,0.0,1.514424645691177,0,4.790561211119471,-0.3528861691609192
172,B*35:01:01:01,0.0,-1.1465517509572287,1.5563272278656157,3.883853901057659,0,0,0.0,4.190755867466318,0,8.484385245432364,6.721062637946346
1967,B*35:01:01:01,0.0,0.0,0.7199584380106021,0.8343762933125041,0,0,0.0,0.23641099047490977,0,1.7907457217980158,6.525026199262354
18798,B*35:01:01:01,0.2318963424238043,0.0,0.0,3.613708423978001,0,0,0.0,1.1917037445176755,0,5.03730851091948,11.640398916046676
32140,B*35:01:01:01,0.2000557365681459,0.0,0.4363831475114746,3.067023344047154,0,0,0.0,2.8175876555971877,0,6.521049883723962,5.492217967627318
21375,B*35:01:01:01,0.0,0.0,0.5596157879354228,0.21216222850838506,0,0,0.0,2.278151446915944,0,3.049929463359752,3.9902839570928483
1525,B*35:01:01:01,0.30183843087808815,0.3087354816496133,0.4686440097296961,4.905150074624047,0,0,0.0,2.607416887346443,0,8.591784884227888,1.405660604869527
32767,B*35:01:01:01,2.2541794702636917,0.7469904125807685,0.7417272827603242,0.8789365891462102,0,0,0.0,3.59541520702973,0,8.217248961780724,-4.484095150395853
32813,B*35:01:01:01,2.0130174134468035,0.0,0.0,4.315329640439068,0,0,0.0,3.006259200845085,0,9.334606254730957,-3.505538227875037
33094,B*35:01:01:01,0.0,0.0,0.0,3.310899700184466,0,0,0.0,-0.17296875486831287,0,3.1379309453161532,-1.4279254937699704
32859,B*35:01:01:01,0.0,0.0,0.7199584380106021,5.311836653900614,0,0,0.0,-0.9287256086912201,0,5.103069483219996,2.350981493822749
21440,B*35:01:01:01,0.0,0.0,0.0,-0.007687891262842084,0,0,0.0,-0.8589573165619249,0,-0.866645207824767,-2.521884285463302
31705,B*35:01:01:01,0.5314128725225884,-1.000597838334149,-0.3028564850767642,4.4959199630172,0,0,0.0,2.4862858545132855,0,6.210164366642161,-1.4625630268906178
31754,B*35:01:01:01,0.0,0.6452077182708262,-0.1481301920456752,4.120043746019585,0,0,0.0,1.1575207650827615,0,5.774642037327498,3.7669180302889527
31816,B*35:01:01:01,0.0,0.0,0.0,0.9489833474130285,0,0,0.0,1.186046433260754,0,2.135029780673783,1.9620804700322465
32528,B*35:01:01:01,-1.5227108611729574,0.0,0.515164025364589,4.515632557893883,0,0,0.0,3.1526797882755915,0,6.660765510361106,3.9769754482102595
32789,B*35:01:01:01,0.0,0.0,0.0,7.45847821961359,0,0,0.0,-0.4390702533810248,0,7.019407966232565,-0.9988844813010269
32765,B*35:01:01:01,0.0,0.0,0.0,1.491062321253918,0,0,0.8416936425671261,0.530764917138064,0,2.8635208809591077,1.740486389513567
32950,B*35:01:01:01,0.0,0.0,0.0,2.917006817927545,0,0,0.0,0.756252809365428,0,3.673259627292973,0.04787703989403354
31835,B*35:01:01:01,0.0,0.3087354816496133,0.7199584380106021,0.30887564660828537,0,0,-0.1263965846671704,1.911184785206932,0,3.1223577668082623,2.6919541870657415
1086,B*35:01:01:01,0.0,0.0,-0.1481301920456752,2.2222310965939993,0,0,-0.9927055245610048,-0.7361388205747994,0,0.3452565594125201,4.4166692915248
31779,B*35:01:01:01,0.0,0.0,0.0,2.679040999598326,0,0,-0.8069649830202555,-0.04034527030189894,0,1.8317307462761714,-7.227781269596244
32688,B*35:01:01:01,0.0,0.0,0.8898574748059994,6.812590132102803,0,0,0.0,0.15984961738927717,0,7.862297224298079,0.38197565924998395
32062,B*35:01:01:01,0.0,0.4040456614539381,-1.1142808945327036,3.7843403370414044,0,0,-0.4274753613153518,2.4445504840450534,0,5.091180226692341,-0.04946145524164372
32790,B*35:01:01:01,0.334628253701079,0.6452077182708262,0.515164025364589,2.5977712493186305,0,0,0.0,1.2495869632558108,0,5.342358209910936,3.76415496280757
30985,B*35:01:01:01,-0.7967738577900214,0.6452077182708262,-0.8941198539800005,2.521345302992927,0,0,0.0,0.2034814936233928,0,1.6791408031171242,10.170827753921564
33314,B*35:01:01:01,0.3700466809046217,-0.5275125425510053,-0.8941198539800005,1.2443451165929593,0,0,-0.0492792813227391,1.5601065839439667,0,1.7035867035878027,-0.4392084365355761
31833,B*35:01:01:01,2.585536606218134,0.0,-2.271033691207121,-0.09463732008896464,0,0,0.0,0.9289547346511443,0,1.148820329573193,1.5242133716869048
32679,B*35:01:01:01,2.0130174134468035,0.0,0.0,1.9956423021236196,0,0,0.0,5.02116222138735,0,9.029821936957774,-0.5765822373010068
32071,B*35:01:01:01,0.0,0.0,0.0,2.8444473481867347,0,0,0.0,-1.0703379038377956,0,1.7741094443489391,-1.68395486866281
32115,B*35:01:01:01,0.0,-0.5275125425510053,-1.1355168456035605,-1.2457739229643976,0,0,0.0,0.6659690223469468,0,-2.2428342887720163,4.470218102771458
31724,B*35:01:01:01,0.6249389305334118,0.0,0.0,7.666247915286867,0,0,0.0,1.1786664618677705,0,9.46985330768805,1.9240936929602226
32117,B*35:01:01:01,-0.3231004996553236,0.4040456614539381,0.6429973968744738,0.7257413187257687,0,0,0.0,2.8301108154831636,0,4.279794692882021,2.639352749279202
31946,B*35:01:01:01,0.0,0.0,0.0,8.919040997766716,0,0,0.0,-1.5268087467044795,0,7.392232251062237,3.1923068942763315
25739,B*35:01:01:01,0.0,0.0,0.0,2.5446439410729926,0,0,0.0,2.2012457442155657,0,4.745889685288558,3.3636801225721644
30095,B*35:01:01:01,0.0,-1.000597838334149,0.3670338333189138,5.176050683877892,0,0,0.0,3.6169554445389385,0,8.159442123401595,-0.48464819708731605
31985,B*35:01:01:01,0.0,0.0,0.0,3.888536133655878,0,0,0.0,1.0518915760990803,0,4.9404277097549585,2.7850974007576585
34330,B*35:01:01:01,0.0,0.0,0.0,2.7494553224443656,0,0,0.0,1.149503504698828,0,3.8989588271431934,4.7559876298976675
31955,B*35:01:01:01,0.0,0.0,0.0,2.0132319513345225,0,0,0.0,0.7341453553630569,0,2.7473773066975795,0.8957791924333409
32060,B*35:01:01:01,0.0,0.3087354816496133,0.0,0.11653036870462202,0,0,0.0,2.104894965217724,0,2.5301608155719593,4.701599325725159
32034,B*35:01:01:01,0.3700466809046217,-0.5275125425510053,-0.8941198539800005,2.7471081345307233,0,0,0.4362285344589617,-0.4410207163406411,0,1.69073023702266,-0.2944531141697103
32043,B*35:01:01:01,0.0,0.0,0.0,3.0966413216843045,0,0,0.0,3.638875086790801,0,6.735516408475105,3.949294093047347
32064,B*35:01:01:01,2.0130174134468035,0.0,0.0,2.7732915910504223,0,0,0.0,1.4101722088613582,0,6.1964812133585845,-1.9798841534067597
32892,B*35:01:01:01,0.0,0.0,0.0,8.32093739048822,0,0,0.0,-1.471798614739004,0,6.849138775749216,1.8821362493180476
31749,B*35:01:01:01,0.0,0.0,0.0,1.6172485657896831,0,0,0.0,0.732209258378644,0,2.349457824168327,2.1385411103866416
32979,B*35:01:01:01,0.0,0.0,0.0,8.754865959627413,0,0,0.0,-0.5061579995060818,0,8.248707960121331,-0.15047228597161696
32982,B*35:01:01:01,-0.39130874968185697,-0.5275125425510053,-1.1355168456035605,0.9037112832472648,0,0,0.0,2.1680837756908584,0,1.0174569211017004,7.91007992542036
32275,B*35:01:01:01,0.7718420601238236,0.0,-1.3474185895558057,-1.5286585994711344,0,0,0.0,1.466695859856333,0,-0.6375392690467836,4.834443856509136
32849,B*35:01:01:01,0.3578441068382284,0.0,0.5596157879354228,2.8100112965332547,0,0,0.0,1.5924979929844458,0,5.3199691842913515,5.842522095493483
32218,B*35:01:01:01,0.0,0.0,0.0,2.0012898433922706,0,0,-0.8069649830202555,0.27949481504622486,0,1.4738196754182398,-4.945564443048875
31757,B*35:01:01:01,0.0,0.0,0.0,3.288832593145972,0,0,0.0,6.576349660153803,0,9.865182253299775,1.9369233488057143
30995,B*35:01:01:01,0.0,0.0,0.0,4.559910676308945,0,0,0.0,0.7921827447684253,0,5.35209342107737,0.5682822466715054
33040,B*35:01:01:01,0.0,0.0,0.7199584380106021,0.3276731702993256,0,0,0.0,1.1966643567245507,0,2.2442959650344783,3.025080694713655
25965,B*35:01:01:01,0.0,-1.1465517509572287,-0.8658541379089943,2.9417457202158714,0,0,-0.5918536034033102,0.08952646359738203,0,0.42701269154372024,2.2902233794675655
32227,B*35:01:01:01,-0.8232308343045663,1.1631508098056809,0.0,1.8111746250863383,0,0,0.0,-2.1279568642427913,0,0.02313773634466143,0.928592416564044
31981,B*35:01:01:01,0.0,0.0,0.0,1.7325293985736443,0,0,0.0,1.7409028751209403,0,3.4734322736945846,0.0047446978987764135
32577,B*35:01:01:01,0.0,0.4040456614539381,1.3629558348850759,3.1359691303116293,0,0,0.0,-0.784881983929695,0,4.118088642720949,2.820873924259129
31829,B*35:01:01:01,0.3700466809046217,0.0,0.0,1.1162397134237696,0,0,0.0,2.7648271604517167,0,4.251113554780108,4.8997560938921225
32054,B*35:01:01:01,-0.7613554305864787,-1.000597838334149,-0.6203528202389714,-2.7121404335756316,0,0,0.0,0.14146550305490127,0,-4.95298101968033,-1.008035663828691
32049,B*35:01:01:01,2.1408507849566885,0.0,1.7797149496119988,0.4156331509078864,0,0,0.0,-0.43307517792555134,0,3.903123707551023,0.04210064035956984
32048,B*35:01:01:01,0.0,0.0,0.0,0.33829185408363194,0,0,0.915801614720848,2.5829724820266895,0,3.8370659508311693,0.24141048693980516
31737,B*35:01:01:01,0.0,0.0,0.0,0.713237655860882,0,0,0.0,0.6725461404627193,0,1.3857837963236013,-3.945203232236625
32831,B*35:01:01:01,0.0,0.0,0.0,4.982857939774238,0,0,0.0,1.4784744227520268,0,6.461332362526265,1.7383031579461363
30080,B*35:01:01:01,-0.3231004996553236,0.0,0.8898574748059994,0.5346127896336008,0,0,0.0,-1.265538841752003,0,-0.16416907696772642,1.297421147031807
32312,B*35:01:01:01,0.3700466809046217,-0.5275125425510053,-1.1355168456035605,-3.1046191714255182,0,0,0.0,5.083869861566174,0,0.6862679828907119,2.7195613623940242
32033,B*35:01:01:01,0.0,0.0,0.0,2.1937407941137526,0,0,1.2471587506752904,0.6257592924977722,0,4.066658837286815,5.427851003048061
32021,B*35:01:01:01,0.4637926848476086,0.0,1.746094467877738,4.773779290800919,0,0,0.0,3.576517146680156,0,10.560183590206421,3.800187719565187
32582,B*35:01:01:01,0.0,0.0,0.0,4.827687639373451,0,0,0.0,0.8803886397030588,0,5.70807627907651,-0.32113313026870316
31756,B*35:01:01:01,0.0,0.0,0.0,-0.9926295546618784,0,0,0.0,0.9019454988079962,0,-0.09068405585388217,-1.5169827499107882
32908,B*35:01:01:01,0.0,0.0,0.0,3.1819827754194576,0,0,1.2471587506752904,-0.6490705339190302,0,3.7800709921757174,1.7746813098706826
31929,B*35:01:01:01,0.0,0.0,0.6822181100277551,3.91510911054893,0,0,0.0,1.6085352069755083,0,6.205862427552194,0.3182799796491834
32391,B*35:01:01:01,2.1408507849566885,0.4910570384435679,-0.6203528202389714,-0.008130282658705662,0,0,0.0,2.9623332280478945,0,4.965757948550474,3.4353258757162166
32870,B*35:01:01:01,2.0130174134468035,0.0,0.0,3.8879963109026234,0,0,0.0,-0.9489604483527894,0,4.952053275996638,-3.199530166149695
32750,B*35:01:01:01,0.0,0.0,0.0,-0.07431600623408019,0,0,0.0,2.2694009117349787,0,2.1950849055008987,0.09753777032478984
32742,B*35:01:01:01,0.0,1.1631508098056809,0.4363831475114746,2.106533208851025,0,0,0.0,1.1625620482000179,0,4.868629214368198,1.3706821081297602
21383,B*35:01:01:01,0.0,0.0,-0.8941198539800005,6.500713817309116,0,0,0.0,0.3675698956732141,0,5.97416385900233,4.106262108760724
32665,B*35:01:01:01,0.0,0.0,0.0,1.1455889002095414,0,0,0.0,1.635431019898074,0,2.7810199201076156,3.0749758312011233
32636,B*35:01:01:01,0.0,0.0,0.0,4.918924789960364,0,0,-0.264640692194894,1.4578229933786693,0,6.112107091144139,5.585046661325144
32634,B*35:01:01:01,2.585536606218134,0.0,0.6429973968744738,7.303030338272716,0,0,0.0,0.8551234847110154,0,11.38668782607634,-1.2408939946321154
21446,B*35:01:01:01,0.0,0.0,0.0,0.6042061996321071,0,0,-0.624537482368297,0.7348847118700981,0,0.7145534291339082,1.4302362941407285
28804,B*35:01:01:01,-0.43213074420211234,0.3087354816496133,0.7199584380106021,0.2871068159681567,0,0,1.795235585270821,0.5797804317454811,0,3.2586860084425617,3.1385780727982535
32511,B*35:01:01:01,0.0,0.0,0.0,1.884527721685024,0,0,0.0,2.1272857894919204,0,4.011813511176944,-0.10902771800555705
32512,B*35:01:01:01,0.7202491103377366,0.0,-1.9535373560449139,0.8514366680014926,0,0,0.0,-1.2072500880043637,0,-1.5891016657100483,5.136469232811002
33028,B*35:01:01:01,0.0,0.0,0.0,1.969336724685018,0,0,1.2471587506752904,-0.26412267740308504,0,2.9523727979572234,1.0676173934444169
31002,B*35:01:01:01,0.0,0.6452077182708262,-0.1481301920456752,-0.09385069269248536,0,0,0.0,1.1575207650827615,0,1.5607475986154271,1.5918148220959285
1552,B*35:01:01:01,0.0,0.0,0.9515471728760636,7.081728716601822,0,0,-0.3882546481620706,0.48903706591279095,0,8.134058307228607,1.9110122222947437
31986,B*35:01:01:01,0.0,0.0,0.0,5.147460383060828,0,0,0.0,1.3032367632943618,0,6.45069714635519,1.6336244626599712
34531,B*35:01:01:01,0.0,1.1631508098056809,0.9515471728760636,2.351429675774253,0,0,0.4362285344589617,4.606433137808033,0,9.508789330722992,3.9974315522729644
32084,B*35:01:01:01,0.0,0.4040456614539381,1.2859947937489475,4.596518730145992,0,0,0.0,3.6169554445389385,0,9.903514629887816,3.6486259872339493
21384,B*35:01:01:01,0.04694618124929811,0.0,0.4363831475114746,0.3467754829638665,0,0,-0.3122687411841485,3.5709585384335507,0,4.088794608974041,2.0746219116188547
32404,B*35:01:01:01,1.9177072336424787,0.0,-1.1903802380713508,-0.6599471339593778,0,0,0.0,1.9546567142474984,0,2.0220365758592487,3.698864322800003
31935,B*35:01:01:01,0.0,0.0,-0.8941198539800005,6.858735128467976,0,0,0.0,0.670675241155268,0,6.635290515643244,1.532362069426012
300,B*35:01:01:01,2.1408507849566885,0.4910570384435679,1.4050215001705886,7.980399614745707,0,0,0.0,0.9780439540607713,0,12.995372892377324,-0.23847336223336266
31850,B*35:01:01:01,2.0130174134468035,0.0,0.0,3.755439528963535,0,0,0.0,0.5514450619232945,0,6.319902004333633,1.0668617325314105
32502,B*35:01:01:01,0.0,0.0,0.0,-1.3652323020892432,0,0,0.0,3.246631765470373,0,1.88139946338113,0.14664014648744117
32006,B*35:01:01:01,0.0,0.0,0.0,3.3059099950678306,0,0,0.0,0.49549096995654374,0,3.8014009650243743,-0.5326296579274534
32246,B*35:01:01:01,-0.7613554305864787,0.0,0.515164025364589,4.367045902725467,0,0,0.0,1.6325500025885273,0,5.753404500092104,2.076953352756918
32213,B*35:01:01:01,0.0,0.0,0.0,1.6163071247964687,0,0,0.0,2.3996652954203332,0,4.0159724202168015,-1.2012439239463826
32201,B*35:01:01:01,0.0,0.0,0.0,-1.4918554598038498,0,0,0.0,-0.41619906474925983,0,-1.9080545245531098,-4.307108897226191
34520,B*35:01:01:01,1.292768303109067,0.0,0.0,-0.8503670193264983,0,0,0.008753173143609905,2.0557581407639103,0,2.5069125976900892,5.053521518556635
30990,B*35:01:01:01,0.0,0.0,0.0,2.156423048068384,0,0,0.0,2.367191590523335,0,4.523614638591719,1.8050852151526495
32129,B*35:01:01:01,1.4809895820302101,0.0,0.1657875246529319,-0.08328502960096879,0,0,0.0,0.38208039511755626,0,1.9455724721997294,2.9153598027035517
31874,B*35:01:01:01,0.3700466809046217,0.0,0.4363831475114746,0.10244313058300225,0,0,0.0,1.0751354489185887,0,1.9840084079176874,3.4519266148077845
32046,B*35:01:01:01,0.0,0.0,0.0,3.6119477211899103,0,0,0.0,1.8716339640515247,0,5.483581685241435,0.8050965929694205
33255,B*35:01:01:01,1.6351402618574684,0.0,-1.1355168456035605,1.4734183379566816,0,0,0.0,1.0364129016503938,0,3.009454655860983,2.057212410920072
34481,B*35:01:01:01,-1.0844559302418024,-0.5965521768802109,0.6429973968744738,2.714497298921971,0,0,-0.4767546426380909,0.36795431443925686,0,1.5676862604755972,2.4650256766465213
31836,B*35:01:01:01,0.0,0.0,0.0,4.051223646023967,0,0,0.0,1.7182453049491808,0,5.769468950973148,1.0928296747174873
32032,B*35:01:01:01,0.0,0.0,0.0,3.6320218759401968,0,0,0.0,0.9273908152824778,0,4.559412691222675,1.5233901143921982
32762,B*35:01:01:01,0.0,0.0,0.0,4.531040666997239,0,0,0.0,0.8981174023716819,0,5.4291580693689205,5.48891086167109
32612,B*35:01:01:01,-1.0844559302418024,0.0,0.6429973968744738,1.9164927314997744,0,0,0.0,1.7606455251472009,0,3.2356797232796466,6.35603650475733
31861,B*35:01:01:01,0.0,0.0,0.0,-1.0952878951119767,0,0,0.5793293780996351,0.7805244857416866,0,0.2645659687293451,1.44715949842114
32001,B*35:01:01:01,0.9614111671546246,0.0,0.0,3.596826286927972,0,0,0.0,2.6109550675917323,0,7.169192521674329,4.205655143194351
22576,B*35:01:01:01,0.0,0.0,0.0,-0.9221552837466882,0,0,0.8416936425671261,1.0878775748553686,0,1.0074159336758064,0.8549534716016126
33055,B*35:01:01:01,0.0,0.0,0.4363831475114746,1.545639110065181,0,0,0.4362285344589617,4.884158615212553,0,7.30240940724817,1.1310545632391036
32310,B*35:01:01:01,0.3700466809046217,0.0,0.0,-0.27528148375250217,0,0,0.0,-0.5126370896202097,0,-0.41787189246809014,5.965060207015551
32356,B*35:01:01:01,0.0,0.0,0.0,1.916249707080949,0,0,0.0,0.009399928254587797,0,1.9256496353355368,-0.4314031067658995
31891,B*35:01:01:01,0.0,0.0,0.0,1.491531480483605,0,0,0.8416936425671261,2.299562684509532,0,4.632787807560263,1.7866835804871046
32513,B*35:01:01:01,0.6249389305334118,0.3087354816496133,-1.802389681477425,-2.4656368983035666,0,0,0.0,2.5426655231477966,0,-0.79168664445017,-2.3557585843045454
31732,B*35:01:01:01,0.0,0.0,0.0,0.029330114111232097,0,0,1.2471587506752904,-2.150371652554735,0,-0.8738827877682125,-2.084167000614347
31810,B*35:01:01:01,2.1408507849566885,0.0,-0.24565937079756106,-1.3840842681373182,0,0,0.0,-0.9325380615094192,0,-0.4214309154876099,-1.2521917996143839
32211,B*35:01:01:01,0.0,0.0,0.0,4.8221259765781355,0,0,0.0,0.9538959346624747,0,5.77602191124061,0.20327340081715883
30090,B*35:01:01:01,0.0,0.0,0.0,-2.372528407670564,0,0,-0.8069649830202555,0.9894169689821539,0,-2.1900764217086657,-4.87604157881502
32975,B*35:01:01:01,0.0,0.0,0.7199584380106021,10.105957010658585,0,0,0.0,-0.21118759646953905,0,10.614727852199648,3.434848060480161
32051,B*35:01:01:01,0.0,0.0,0.0,2.917169931285443,0,0,0.0,1.253004090069754,0,4.170174021355197,2.809004050195152
32976,B*35:01:01:01,1.292768303109067,0.0,0.0,5.075498383451215,0,0,0.0,2.568519361683022,0,8.936786048243304,11.004829916181382
31849,B*35:01:01:01,0.7604561459639865,0.0,0.0,-0.25749925000429674,0,0,0.0,-0.14726501008707593,0,0.3556918858726138,-0.4074722622752774
31867,B*35:01:01:01,0.0,0.0,0.0,3.6516106060249305,0,0,-0.4274753613153518,0.8229850555228544,0,4.047120300232433,5.66563746861963
32028,B*35:01:01:01,0.0,0.0,0.7199584380106021,1.4828722268490595,0,0,0.0,1.0430958507508428,0,3.2459265156105044,1.9719182290060837
30144,B*35:01:01:01,0.0,0.0,0.0,1.3764290836730624,0,0,1.0113119825074524,10.65288390230356,0,13.040624968484074,4.174159082918778
34357,B*35:01:01:01,0.0,0.0,0.0,2.545218456557018,0,0,0.0,-0.2972056603747715,0,2.2480127961822465,2.1511244120980293
32669,B*35:01:01:01,0.0,0.0,0.0,1.7031807120468518,0,0,0.915801614720848,4.797636478316859,0,7.416618805084559,3.23572632620467
31734,B*35:01:01:01,0.7202491103377366,0.0,0.07183696436464615,-1.4273219216228168,0,0,0.0,-0.4783848248423391,0,-1.113620671762773,4.10331341452035
32455,B*35:01:01:01,0.8873031950009028,0.0,-0.1481301920456752,1.0118958460813727,0,0,0.0,-0.14632505550344677,0,1.6047437935331534,-0.009208369175219226
32185,B*35:01:01:01,0.638310667499301,0.0,-1.1355168456035605,-1.0799950209747826,0,0,-0.3882546481620706,-1.0362641461246724,0,-3.001719993365785,-0.947427382033465
30088,B*35:01:01:01,0.0,0.0,0.0,1.4600790689817653,0,0,0.0,-0.7737157197166113,0,0.686363349265154,-1.6925785812538228
32040,B*35:01:01:01,0.0,0.0,0.0,2.4831046382344644,0,0,1.2471587506752904,2.2597523982558476,0,5.990015787165603,3.129888535070288
31775,B*35:01:01:01,0.0,0.0,0.0,4.43042394502965,0,0,0.0,2.0342618830606347,0,6.4646858280902855,3.161938753766475
30246,B*35:01:01:01,0.0,0.0,0.0,0.6812748917767506,0,0,0.8416936425671261,2.9875997371644045,0,4.510568271508282,2.0486292478929053
32053,B*35:01:01:01,0.5314128725225884,0.6452077182708262,0.0,-0.04215320175038922,0,0,0.0,1.1914912799512034,0,2.325958668994229,-3.3857872077539355
32632,B*35:01:01:01,0.0,0.0,0.0,3.4324873484791043,0,0,0.0,-0.5684898142896175,0,2.8639975341894868,5.488546716746987
32876,B*35:01:01:01,-1.021522738075721,0.0,0.4363831475114746,-0.1354737308871743,0,0,0.0,-0.954747779130248,0,-1.6753611005816689,3.728752387808941
32629,B*35:01:01:01,0.0,0.0,0.0,1.760728612621475,0,0,0.0,1.9112184256023221,0,3.671947038223797,5.185890976218744
30077,B*35:01:01:01,0.30183843087808815,-0.6918623566845357,0.0,2.302826960745611,0,0,0.0,-0.16470138407098286,0,1.7481016508681808,1.3479744685922865
30116,B*35:01:01:01,-0.09120415723151931,0.8080913229078762,0.6429973968744738,1.300253230431698,0,0,0.0,-0.34206897929698,0,2.3180688136855485,1.6075988864114241
32110,B*35:01:01:01,2.0130174134468035,0.0,0.0,3.3657384800313075,0,0,0.0,-0.1360084816505908,0,5.24274741182752,-0.03966255950391662
21381,B*35:01:01:01,0.0,0.6452077182708262,0.3670338333189138,0.1457353796856418,0,0,0.0,0.6863692143061982,0,1.84434614558158,1.2421569176910165
32812,B*35:01:01:01,0.5314128725225884,0.0,0.515164025364589,1.0029645891859733,0,0,0.0,2.7140452193469056,0,4.763586706420057,5.845197064582121
32170,B*35:01:01:01,0.6737290947028438,0.0,0.0,-2.26147023591286,0,0,0.0,4.378872331834614,0,2.791131190624598,0.9715805577373651
32477,B*35:01:01:01,-0.3231004996553236,0.0,0.5718282459649269,-1.28387391168032,0,0,0.0,0.2514160450680145,0,-0.7837301203027023,0.6335782245270141
22728,B*35:01:01:01,-0.0354184272035427,0.6452077182708262,2.3295171160990975,1.241274723450126,0,0,0.0,0.6564476656577902,0,4.837028796274297,1.5578726175668125
32008,B*35:01:01:01,0.0,0.0,0.0,2.7084081778392126,0,0,0.0,1.7009178240779246,0,4.409326001917137,1.6659860225458
4477,B*35:01:01:01,0.0,0.0,0.4363831475114746,1.270175891410009,0,0,0.0,-0.5985770995329587,0,1.1079819393885249,-2.3921113030084937
29730,B*35:01:01:01,0.0,0.0,0.0,2.5350246874823816,0,0,0.8416936425671261,-0.3463940728973933,0,3.030324257152114,1.6844485703261078
31751,B*35:01:01:01,0.0,0.0,0.0,0.33829185408363194,0,0,0.8416936425671261,1.1862466774217901,0,2.3662321740725485,-1.5131841129848693
32439,B*35:01:01:01,0.0,0.0,0.0,1.0395789986283843,0,0,0.0,3.1027867225260577,0,4.142365721154442,-0.53460563819894
32867,B*35:01:01:01,0.0,0.0,0.0,1.4771651193746251,0,0,0.0,2.591462536193568,0,4.068627655568193,0.16435772672021431
1702,B*35:01:01:01,0.0,0.0,0.0,1.0003568242467624,0,0,0.0,0.7417374049668866,0,1.742094229213649,0.08228308911808835
28890,B*35:01:01:01,0.0,0.0,0.0,-0.8307861439364184,0,0,1.2471587506752904,1.5863858381919793,0,2.0027584449308513,6.623965801656437
1030,B*35:01:01:01,-0.8232308343045663,1.1631508098056809,1.499168814025667,1.5621459169082135,0,0,0.0,1.4396846626431858,0,4.840919369078181,2.2992318471575315
31972,B*35:01:01:01,0.5314128725225884,0.0,0.7199584380106021,0.48264836906081143,0,0,0.0,2.078978945143545,0,3.812998624737547,1.2306875237147386
703,B*35:01:01:01,0.0,0.0,0.419853845560264,3.1479045233557787,0,0,-0.3882546481620706,0.07062552888511764,0,3.2501292496390897,-0.6447358828450265
32778,B*35:01:01:01,0.0,0.0,0.0,-0.7802047125330263,0,0,1.2471587506752904,1.4690354713116303,0,1.9359895094538944,7.063313213647466
30997,B*35:01:01:01,1.473021412381033,0.0,0.0,-0.18292467085879793,0,0,-0.4274753613153518,0.9684284354134597,0,1.831049815620343,0.9550253952158213
32903,B*35:01:01:01,0.0,0.7469904125807685,0.07183696436464615,-0.7378012836577976,0,0,0.0,3.124184494130274,0,3.2052105874178913,3.0999011620418693
1047,B*35:01:01:01,-0.7613554305864787,0.0,0.8898574748059994,7.439372574768171,0,0,0.0,1.1654204779461041,0,8.733295096933796,-0.051928490039443886
31847,B*35:01:01:01,0.2000557365681459,-1.000597838334149,0.515164025364589,0.05427714893620979,0,0,0.0,2.0632940947603444,0,1.8321931672951401,0.8927019302257544
31921,B*35:01:01:01,0.0,0.0,0.0,1.58657133751647,0,0,0.0,0.6215308072803768,0,2.2081021447968467,1.5945882990999176
31708,B*35:01:01:01,0.9614111671546246,0.0,0.0,7.155773402630661,0,0,0.0,1.2176394962789343,0,9.33482406606422,4.639243662207885
31873,B*35:01:01:01,0.0,0.0,0.0,2.8426992772799813,0,0,0.0,2.1680837756908584,0,5.01078305297084,-0.7954837651799204
22566,B*35:01:01:01,-1.584586264891045,1.1631508098056809,0.4363831475114746,6.058024761021923,0,0,0.0,2.8641399159043734,0,8.937112369352407,0.9991890753932765
32837,B*35:01:01:01,0.0,0.0,0.0,3.904440154569064,0,0,0.0,1.3656933210226647,0,5.270133475591729,0.49341081796030717
33070,B*35:01:01:01,0.0,-0.5275125425510053,-0.6991336980920859,-4.776279236305081,0,0,-0.3882546481620706,1.1339932299892581,0,-5.257186895120985,0.5841691752235025
32845,B*35:01:01:01,2.1408507849566885,0.4910570384435679,-0.6203528202389714,0.4316320213423108,0,0,0.0,0.40286415006234544,0,2.846051174565941,-1.1089173926758715
33332,B*35:01:01:01,1.193307509578429,0.0,-0.8941198539800005,4.042789250478851,0,0,0.0,-0.5868404997030888,0,3.755136406374191,1.5794283468187476
758,B*35:01:01:01,0.0,0.0,0.0,1.3612204906649652,0,0,0.0,2.402773908261035,0,3.763994398926,1.0730583873021273
30977,B*35:01:01:01,0.0,-0.5275125425510053,-1.1355168456035605,-0.16525343515194288,0,0,-0.5918536034033102,1.3897412379771448,0,-1.030395188732674,-0.5228059140481195
32986,B*35:01:01:01,0.0,0.0,0.0,5.272304349065269,0,0,0.0,2.975299377471571,0,8.247603726536841,5.1468734884446965
31780,B*35:01:01:01,2.0130174134468035,0.0,0.0,-0.08949690949580277,0,0,0.0,0.481755044510465,0,2.405275548461466,1.1818008748492725
31770,B*35:01:01:01,1.292768303109067,0.0,0.0,-0.6487226652841793,0,0,0.0,3.82071644772236,0,4.464762085547248,6.520629528504715
33282,B*35:01:01:01,0.0,0.0,0.0,1.6802809694518177,0,0,0.0,0.2604252670339995,0,1.9407062364858172,0.4530066625521606
1063,B*35:01:01:01,2.1408507849566885,0.4910570384435679,-0.6203528202389714,8.07519560777497,0,0,0.0,1.6435340919672123,0,11.730284702903468,-1.9580089205408724
32105,B*35:01:01:01,0.0,0.0,0.0,1.0024363608090503,0,0,-0.3122687411841485,-0.9210740958241777,0,-0.23090647619927585,3.64103264876515
32821,B*35:01:01:01,0.0,1.1631508098056809,0.4363831475114746,2.657837024844495,0,0,1.2471587506752904,2.9666718094787865,0,8.471201542315727,0.6660651915614696
32407,B*35:01:01:01,0.0,0.0,0.0,0.4022657091919861,0,0,0.0,-1.2507972011043442,0,-0.8485314919123581,-3.3550316930859587
34346,B*35:01:01:01,0.0,0.0,0.0,2.545218456557018,0,0,0.0,-0.2972056603747715,0,2.2480127961822465,2.1511244120980293
32224,B*35:01:01:01,0.0,0.0,0.0,9.191641232133398,0,0,0.0,-0.9313834225110538,0,8.260257809622344,1.4848426206645717
7869,B*35:01:01:01,-0.7613554305864787,0.0,-0.1481301920456752,1.2894395449683245,0,0,0.0,0.2979471889991937,0,0.6779011113353642,0.55707611747005
22634,B*35:01:01:01,0.0,0.0,0.0,-2.773519652864375,0,0,-0.4274753613153518,0.8817388471247235,0,-2.319256167055003,3.932187473851403
22486,B*35:01:01:01,0.0,1.1631508098056809,1.1563415855220767,1.5469910668872822,0,0,0.0,4.541601452681706,0,8.408084914896746,3.612727778257989
31871,B*35:01:01:01,0.0,0.0,0.0,2.548639607787431,0,0,0.0,2.2377831579110286,0,4.786422765698459,0.6933155359826221
32276,B*35:01:01:01,0.0,0.0,0.0,1.6772235841678698,0,0,0.0,0.9158923990944485,0,2.5931159832623183,0.9282885502559508
22565,B*35:01:01:01,0.3700466809046217,0.0,-1.1355168456035605,-2.7817390095217607,0,0,0.0,-1.7569192421650885,0,-5.3041284163857885,-0.8427229971608774
32223,B*35:01:01:01,0.0,0.0,0.0,-0.16568245789488428,0,0,0.0,1.033321324321108,0,0.8676388664262236,0.08844833832632512
32209,B*35:01:01:01,2.0130174134468035,0.0,0.0,1.8647906341552754,0,0,0.0,0.36955013006555515,0,4.247358177667634,-2.2133267437085946
32521,B*35:01:01:01,0.0,0.0,0.0,1.808946980801927,0,0,0.0,0.900704092103973,0,2.7096510729059,-3.009127835763899
31906,B*35:01:01:01,0.9696678034537435,0.0,0.47429906721304105,1.8604255200923574,0,0,0.0,0.1950898035594857,0,3.499482194318628,-2.5469151893785185
1632,B*35:01:01:01,2.0130174134468035,0.0,0.0,5.993825089744651,0,0,0.0,3.3492377494822168,0,11.35608025267367,0.7044451356695657
30091,B*35:01:01:01,0.12594776441442412,0.0,0.0,4.9656042111729874,0,0,-0.3882546481620706,1.189675326314574,0,5.892972653739915,0.3180027524221041
21449,B*35:01:01:01,0.0,0.0,0.0,2.5105929797982207,0,0,0.0,0.6985492428536308,0,3.2091422226518516,3.0482890745927644
34507,B*35:01:01:01,0.0,0.0,0.0,0.4718432279558906,0,0,0.8416936425671261,1.696618544254319,0,3.0101554147773357,3.7331894347945846
33129,B*35:01:01:01,0.3700466809046217,0.0,0.8898574748059994,1.016504997294857,0,0,0.0,-0.06540690866582782,0,2.2110022443396504,6.95885561911116
21453,B*35:01:01:01,2.0130174134468035,0.0,0.0,0.6312773541241108,0,0,0.0,-1.2233365929148439,0,1.4209581746560704,-2.6121207288467185
32868,B*35:01:01:01,0.0,0.6452077182708262,-0.8941198539800005,1.6543094317655065,0,0,0.8794339705499731,3.95375831432567,0,6.238589580931976,2.0647732536492773
31534,B*35:01:01:01,0.0,0.0,0.0,-1.3954997231620974,0,0,0.0,-0.39461670990883874,0,-1.790116433070936,4.654600877460857
32156,B*35:01:01:01,1.292768303109067,0.6452077182708262,0.28825295546579943,-2.3312480378660414,0,0,0.0,0.14146550305490127,0,0.03644644203455252,-2.5413495775392185
32973,B*35:01:01:01,0.9696678034537435,0.0,-1.1355168456035605,-0.567313728260761,0,0,0.0,0.26525686059423503,0,-0.46790590981634295,0.2768569717538442
32666,B*35:01:01:01,0.0,0.0,0.0,-2.5033868430336286,0,0,0.0,1.9297676114277915,0,-0.573619231605837,-0.006252935775003299
32968,B*35:01:01:01,0.0,0.0,0.0,2.516571871800617,0,0,0.0,3.388857767845209,0,5.905429639645826,1.9834887419650205
31963,B*35:01:01:01,-1.290814518749153,0.0,-1.1355168456035605,-3.074579368263888,0,0,0.0,-0.6236849555796085,0,-6.12459568819621,4.324409994354025
4045,B*35:01:01:01,0.0,0.0,0.0,0.8162036110474371,0,0,0.0,0.376666124811706,0,1.1928697358591431,0.7217258262695431
1052,B*35:01:01:01,1.525613862500204,-1.1465517509572287,-0.09806207243075116,1.8799519716897417,0,0,2.5991888998551,3.229278197876557,0,7.989419108533623,2.991839972184324
32371,B*35:01:01:01,0.0,0.0,0.0,3.422038293325909,0,0,0.0,3.8484427781894723,0,7.270481071515381,-2.63551018827192
32206,B*35:01:01:01,0.0,0.0,0.0,2.5977957806398195,0,0,0.0,1.1632187861973988,0,3.7610145668372184,2.159468092982128
32412,B*35:01:01:01,0.0,0.0,0.0,6.274799955794169,0,0,-0.8069649830202555,-0.30491916537725494,0,5.162915807396659,-4.198182751400655
21462,B*35:01:01:01,0.0,0.0,0.0,8.048961645172826,0,0,0.0,-0.3293713361246008,0,7.7195903090482245,-1.9040743829372502
31948,B*35:01:01:01,-0.0354184272035427,0.0,0.0,4.5630411629981795,0,0,0.0,-1.517892860679042,0,3.0097298751155948,-1.5229248875407353
32395,B*35:01:01:01,0.0,0.4040456614539381,1.325215506902229,-1.2384060734094884,0,0,0.0,2.863309918787741,0,3.35416501373442,0.7635366815232159
32125,B*35:01:01:01,-1.584586264891045,1.1631508098056809,0.4363831475114746,4.134164606955049,0,0,0.0,1.4926137170183083,0,5.641726016399468,-1.987120145949706
33061,B*35:01:01:01,2.1408507849566885,0.4910570384435679,1.4050215001705886,7.0505390664633145,0,0,0.0,3.8000433203086423,0,14.887511710342803,2.1432014149834107
31980,B*35:01:01:01,0.0,0.0,0.0,0.10551965747344283,0,0,0.0,0.8290166981107253,0,0.9345363555841681,-3.3985396556021894
19556,B*35:01:01:01,0.0,-1.000597838334149,-1.1355168456035605,-0.992870069203091,0,0,0.0,1.4300969233259753,0,-1.6988878298148251,3.9788482469037767
34325,B*35:01:01:01,0.5314128725225884,-0.5965521768802109,0.0,0.8442924711125525,0,0,0.0,-0.42557219907210697,0,0.353580967682823,1.9375571265334464
32127,B*35:01:01:01,0.2318963424238043,0.0,-1.1355168456035605,2.295147376460566,0,0,0.0,1.032875865212456,0,2.4244027384932654,3.6424652832211546
32083,B*35:01:01:01,0.0,0.0,0.0,3.9262735137914913,0,0,-0.8069649830202555,0.2873652111470947,0,3.4066737419183304,-0.5343817619454412
32621,B*35:01:01:01,0.0,0.0,0.0,0.9281351607669163,0,0,0.0,1.2254649850495651,0,2.1536001458164815,0.6576101568981999
31827,B*35:01:01:01,0.5642026953455792,0.0,0.4363831475114746,-2.213208106651945,0,0,0.0,0.6374436948711479,0,-0.5751785689237432,-2.4744065472184524
32905,B*35:01:01:01,0.2000557365681459,0.0,2.215072981708228,-0.21026905763930548,0,0,0.0,0.22863538910896428,0,2.433495049746033,-0.8392921334709071
32776,B*35:01:01:01,0.0,0.4040456614539381,0.0,1.6816608776668578,0,0,0.0,-1.1497419058838487,0,0.9359646332369473,-3.9458627260297354
32203,B*35:01:01:01,0.3700466809046217,0.0,0.0,-0.3536357446563777,0,0,0.0,1.2773931478381906,0,1.2938040840864347,2.8770745370522537
32245,B*35:01:01:01,0.0,0.0,0.0,0.49157496144185814,0,0,0.0,1.323893010634087,0,1.815467972075945,1.725878238547652
33021,B*35:01:01:01,0.0,0.0,0.0,-0.750615285160912,0,0,0.0,3.15871363198921,0,2.408098346828298,-0.3497063946374098
21533,B*35:01:01:01,0.0,0.0,0.0,1.327812025530773,0,0,0.0,0.8803886397030588,0,2.2082006652338317,-1.2501099321076303
31971,B*35:01:01:01,0.0,0.0,0.0,0.09094625439742604,0,0,0.0,0.8803886397030588,0,0.9713348941004849,-1.615699455338583
32324,B*35:01:01:01,0.0,0.0,0.515164025364589,6.0083627461303,0,0,0.0,3.546770451439392,0,10.07029722293428,0.8498026709295369
34490,B*35:01:01:01,0.0,-1.000597838334149,-0.8180205104413533,0.7332428960338229,0,0,0.0,0.2805102686735926,0,-0.8048651840680867,3.178227875024819
32856,B*35:01:01:01,0.0,0.0,0.0,1.6785947978259945,0,0,0.0,3.914199752019474,0,5.592794549845468,0.3326372080557256
32631,B*35:01:01:01,0.0,0.0,0.0,2.676407652472122,0,0,0.0,-0.1630247061814531,0,2.513382946290669,2.2611687861182537
32285,B*35:01:01:01,0.0,0.0,0.0,1.0363467047753807,0,0,1.2471587506752904,1.2741641065358924,0,3.5576695619865633,0.5471180073441086
32591,B*35:01:01:01,-0.7613554305864787,-1.000597838334149,0.515164025364589,-1.3219836944580954,0,0,0.0,2.7996697899819285,0,0.23089685196779453,2.249219341163549
32077,B*35:01:01:01,0.0,0.0,0.0,6.115637239998878,0,0,0.0,2.6024311913682365,0,8.718068431367115,3.1292866865236784
33214,B*35:01:01:01,0.3700466809046217,0.11769517571982091,-0.8941198539800005,-2.922519854538053,0,0,1.2471587506752904,4.2810833495210945,0,2.199344248302774,1.185308058932041
31965,B*35:01:01:01,0.0,0.3087354816496133,0.0,0.5098269942913314,0,0,0.0,0.226124119000039,0,1.0446865949409836,-4.493836008476594
32834,B*35:01:01:01,0.0,0.0,0.0,5.583853105664533,0,0,0.0,1.3121611864845977,0,6.896014292149131,0.8437028459960016
31819,B*35:01:01:01,-0.0354184272035427,0.0,-1.1355168456035605,-3.2066692683735383,0,0,0.0,0.7934673058651455,0,-3.584137235315496,-3.2042101512987027
32938,B*35:01:01:01,2.0130174134468035,0.0,0.0,5.908340950470727,0,0,0.0,3.6387017307781813,0,11.56006009469571,-2.5650337532220124
32998,B*35:01:01:01,0.3700466809046217,-0.5275125425510053,-1.8346505436956464,-3.821853618625216,0,0,-0.3122687411841485,-0.3105604718120143,0,-6.436799236963408,-1.6032459903000793
34508,B*35:01:01:01,1.292768303109067,0.6452077182708262,0.4171019529338379,2.8910060938741013,0,0,0.0,1.4478748808175839,0,6.693958949005416,4.711734363760436
31739,B*35:01:01:01,0.0,0.0,0.0,2.922999322375207,0,0,0.0,0.7385958245821304,0,3.661595146957337,4.611427773308904
32303,B*35:01:01:01,0.0,0.0,0.0,6.494579862979849,0,0,1.2471587506752904,0.7913930840816528,0,8.533131697736792,7.401813355319533
32282,B*35:01:01:01,1.292768303109067,0.6452077182708262,-2.1777668916292363,-0.2904451880565173,0,0,0.0,0.5150165601699249,0,-0.015219498135935372,1.8028183087744885
29732,B*35:01:01:01,0.0,0.0,0.0,5.686333454858529,0,0,-0.4274753613153518,1.4346603094749015,0,6.6935184030180785,-0.9615071478007057
30078,B*35:01:01:01,0.0,0.0,0.0,5.342908079679109,0,0,0.0,3.3890570724075335,0,8.731965152086643,5.58443727798334
32519,B*35:01:01:01,0.0,0.0,0.0,4.520384074381733,0,0,0.0,0.1715081957764304,0,4.691892270158164,-0.37343516160246365
31854,B*35:01:01:01,0.0,0.0,0.0,0.5084916258039713,0,0,0.8416936425671261,1.7923206375814105,0,3.142505905952508,4.573397182577093
32321,B*35:01:01:01,0.0,0.0,0.0,1.7460613544464596,0,0,0.915801614720848,0.72081081037886,0,3.3826737795461677,-3.138283541185968
32846,B*35:01:01:01,-0.7773257775636787,1.1631508098056809,0.4363831475114746,0.8253756461686215,0,0,0.0,1.3572551762616385,0,3.004839002183737,1.6471220518503074
30988,B*35:01:01:01,2.591436328345323,0.3087354816496133,0.9838080350942852,2.1745316897746116,0,0,3.253998933920429,3.0048431123070842,0,12.317353581091345,-3.4991444573859374
33069,B*35:01:01:01,0.0,0.0,0.5596157879354228,3.0383945400904375,0,0,0.0,2.4509411120845384,0,6.0489514401103985,5.0908691917197855
32121,B*35:01:01:01,0.2000557365681459,0.0,-0.8941198539800005,1.288827070350955,0,0,0.0,1.0104508928609885,0,1.605213845800089,-1.1450052390675858
31878,B*35:01:01:01,-1.5227108611729574,0.0,0.515164025364589,5.705830740595845,0,0,0.0,0.718566703288025,0,5.416850608075502,-0.6374842721397332
32825,B*35:01:01:01,0.0,0.0,-0.1481301920456752,-0.15708329902432444,0,0,0.0,1.63224119509141,0,1.3270277040214102,1.0592340029030436
31883,B*35:01:01:01,0.0,0.0,0.0,3.6850016083047636,0,0,0.0,-0.5054235614723055,0,3.179578046832458,3.1819829819206733
31938,B*35:01:01:01,0.0,0.0,0.0,1.2427128456254843,0,0,-0.4274753613153518,-0.06465355344097201,0,0.7505839308691605,2.566850315266517
32423,B*35:01:01:01,0.0,0.0,0.0,6.622010369492692,0,0,0.8416936425671261,1.8912605854363143,0,9.354964597496132,1.891683043664158
31993,B*35:01:01:01,0.0,0.0,0.0,0.14401601094260436,0,0,0.8416936425671261,2.4320836004721658,0,3.4177932539818965,1.096161523830921
31840,B*35:01:01:01,0.0,0.0,0.0,1.3784091753315866,0,0,0.0,3.3009260231840765,0,4.679335198515663,0.5908331397956856
34533,B*35:01:01:01,0.0,0.0,0.0,1.4999149371677358,0,0,2.654366390274756,2.988264172606612,0,7.1425455000491045,3.412298282058412
31899,B*35:01:01:01,0.0,0.0,0.0,3.602790693167119,0,0,0.0,-0.6385813133025972,0,2.964209379864522,-0.14748201860552737
32668,B*35:01:01:01,-0.8232308343045663,1.1631508098056809,0.28825295546579943,1.6940772864623337,0,0,0.0,1.3324479558247309,0,3.654698173253978,-0.7698137875836949
29718,B*35:01:01:01,0.0,0.0,0.0,4.211729843849697,0,0,0.0,2.3029346118165255,0,6.514664455666223,3.7449492268191618
29731,B*35:01:01:01,1.292768303109067,0.0,0.0,1.6200201400964054,0,0,0.0,2.629920646487264,0,5.542709089692736,2.2053978336883704
31843,B*35:01:01:01,0.0,0.0,0.0,3.345850839845147,0,0,0.8416936425671261,1.304616312860582,0,5.492160795272856,0.4986138902090641
32427,B*35:01:01:01,0.0,0.4040456614539381,1.2859947937489475,2.192885288027398,0,0,0.0,3.6169554445389385,0,7.499881187769223,1.0716279527572121
34340,B*35:01:01:01,0.0,0.0,0.0,3.048040868616939,0,0,0.0,1.149503504698828,0,4.197544373315767,5.630695934869349
32233,B*35:01:01:01,0.0,-0.5275125425510053,0.0,-0.8611493314722515,0,0,0.0,-0.08740349378243958,0,-1.4760653678056963,-2.5751218692236386
32229,B*35:01:01:01,-0.3231004996553236,0.0,0.515164025364589,10.414290540976744,0,0,0.0,-2.2838003395452557,0,8.322553727140754,-0.9430967336305816
33034,B*35:01:01:01,0.3700466809046217,-0.5275125425510053,-0.8941198539800005,1.5812354965252706,0,0,-0.4274753613153518,1.1757117382331623,0,1.2778861578166971,-0.8102698346514313
5459,B*35:01:01:01,0.0,0.0,0.0,0.08695366562286777,0,0,1.0748652316812408,0.23972261014966523,0,1.4015415074537738,0.47924869967285977
32058,B*35:01:01:01,-1.0844559302418024,0.0,0.4686440097296961,3.616351547200919,0,0,0.0,1.9223893099962797,0,4.922928936685093,-2.9897829074534625
32138,B*35:01:01:01,0.6249389305334118,0.0,0.0,2.2895717892215437,0,0,0.0,0.29859675056798907,0,3.2131074703229445,3.1726969894037955
32304,B*35:01:01:01,0.0,0.0,0.0,5.115186975317671,0,0,0.0,-0.07308523607382111,0,5.04210173924385,4.58912278115786
32287,B*35:01:01:01,0.04694618124929811,0.0,0.4363831475114746,-2.3574444383335322,0,0,-0.3122687411841485,1.3293864425150395,0,-0.8569974082418683,-2.8381984428049423
32294,B*35:01:01:01,0.0,0.0,0.0,3.4434005321047643,0,0,0.0,0.17453977826509326,0,3.6179403103698577,1.1671403576291326
33144,B*35:01:01:01,2.1408507849566885,0.0,1.7797149496119988,0.8579029445266048,0,0,0.0,1.1498231902737517,0,5.928291869369044,-1.197832254378134
32193,B*35:01:01:01,0.7718420601238236,0.0,-1.3474185895558057,-0.613483316680845,0,0,0.0,0.9018128440349694,0,-0.2872470020778578,6.282042345194618
28822,B*35:01:01:01,0.0,0.7469904125807685,0.8898574748059994,-0.4309761661541745,0,0,0.4362285344589617,2.9390942224514083,0,4.581194478142963,3.2152054419486342
32820,B*35:01:01:01,0.0,0.0,0.515164025364589,1.7227316977626101,0,0,2.00880968556888,0.16997947675419126,0,4.4166848854502705,4.576123965749203
31924,B*35:01:01:01,0.0,1.1631508098056809,0.28825295546579943,1.082647588901224,0,0,0.0,3.3350278666557127,0,5.869079220828417,0.29063422371212905
32460,B*35:01:01:01,-0.7773257775636787,1.1631508098056809,0.4363831475114746,0.5212331310834172,0,0,0.0,-1.0714649028743022,0,0.2719764079625917,-1.0227985142400846
32042,B*35:01:01:01,-1.0844559302418024,0.4040456614539381,0.0,-1.0536488572094787,0,0,0.0,-1.5824063913224184,0,-3.3164655173197612,0.3411985774806723
32807,B*35:01:01:01,0.0,0.0,0.0,0.5715635677997044,0,0,0.8416936425671261,2.05556363672759,0,3.4688208470944204,3.486545225984251
32067,B*35:01:01:01,0.0,0.0,0.0,2.2088561413290293,0,0,0.0,1.8400303551310921,0,4.048886496460121,7.749340751475556
32707,B*35:01:01:01,0.0,0.0,0.0,-0.1838343423414237,0,0,-0.4274753613153518,4.144878623501134,0,3.5335689198443583,2.054093361047949
31799,B*35:01:01:01,0.0,0.0,-0.8941198539800005,6.55248386960289,0,0,0.4362285344589617,4.751405917819463,0,10.845998467901314,14.165991953560292
32517,B*35:01:01:01,0.0,0.0,0.0,6.9466792331335165,0,0,0.0,0.4643693769641106,0,7.411048610097627,1.8467789840322208
32190,B*35:01:01:01,-1.1198743574453451,0.0,0.6429973968744738,2.5226787624568856,0,0,0.0,0.16215180337472002,0,2.2079536052607347,6.58100773953448
32386,B*35:01:01:01,0.0,0.0,0.0,0.5083119755470118,0,0,0.0,0.3774567055110708,0,0.8857686810580826,0.21794101199497745
30755,B*35:01:01:01,0.0,0.0,0.6822181100277551,4.065326191084361,0,0,0.9357093859210688,5.886902088188382,0,11.570155775221567,-4.339431983523578
33063,B*35:01:01:01,-0.0354184272035427,0.6452077182708262,-2.029636699583561,1.0944161980022238,0,0,0.0,0.6659690223469468,0,0.3405378118328932,0.6060951932485409
33104,B*35:01:01:01,0.0,0.0,0.0,1.7560696761350618,0,0,0.0,1.3959839233394749,0,3.1520535994745367,2.34187072376137
32073,B*35:01:01:01,0.0,0.0,0.0,2.0641474849678105,0,0,0.0,0.4456601722937112,0,2.5098076572615216,-0.5687377091827285
32045,B*35:01:01:01,0.0,0.0,0.0,7.403468671451058,0,0,0.0,0.46717014263962875,0,7.870638814090686,1.904986838467761
31954,B*35:01:01:01,0.334628253701079,0.0,0.5596157879354228,0.24353273268408482,0,0,0.0,1.3963103037662865,0,2.5340870780868734,1.7067994172083891
32456,B*35:01:01:01,0.0,0.0,0.0,-0.6288817333706391,0,0,-0.4274753613153518,1.6276260111156053,0,0.5712689164296145,5.846934488019989
31865,B*35:01:01:01,0.720675275952142,-0.5275125425510053,-1.1355168456035605,0.5996509227230276,0,0,0.0,-0.6109539262914201,0,-0.9536571157708164,3.6079162911180886
31862,B*35:01:01:01,0.0,0.0,0.0,2.9623296908160963,0,0,-0.8069649830202555,1.531865147530687,0,3.6872298553265277,1.3518331166349902
32828,B*35:01:01:01,-1.14633133395989,1.1631508098056809,0.4363831475114746,6.971062330124489,0,0,0.0,2.1989258663948186,0,9.623190819876573,-2.340836673132082
34495,B*35:01:01:01,0.2318963424238043,0.0,0.6822181100277551,3.587737248124281,0,0,0.915801614720848,3.61230053808521,0,9.029953853381897,5.896824196227504
31959,B*35:01:01:01,0.0,-0.5275125425510053,-1.1355168456035605,-2.221426397172683,0,0,0.0,-0.022404879460340532,0,-3.906860664787589,-1.1204645422834125
32910,B*35:01:01:01,1.292768303109067,0.0,0.0,5.751740041965339,0,0,0.0,4.677366163215458,0,11.721874508289865,4.022563520075518
21450,B*35:01:01:01,0.0,0.0,0.0,2.308075435981172,0,0,0.0,2.2675963152002185,0,4.575671751181391,-0.39872985338798217
31828,B*35:01:01:01,0.0,0.0,0.0,5.171015846875529,0,0,-0.8069649830202555,-2.0378381345823766,0,2.3262127292728976,-6.02590800840243
32330,B*35:01:01:01,-0.7967738577900214,0.6452077182708262,-0.8941198539800005,2.162378045548538,0,0,0.0,2.3186407865691887,0,3.4353328386185313,7.939382339796516
31869,B*35:01:01:01,0.0,0.0,0.0,1.3782902244579838,0,0,0.0,-0.09969655376198683,0,1.2785936706959968,-2.8760143424557985
32952,B*35:01:01:01,0.0,0.0,0.0,2.140299411626768,0,0,0.0,0.16900089000205765,0,2.3093003016288254,5.284404221031284
31856,B*35:01:01:01,0.0,0.0,0.0,-0.06970704025787938,0,0,-0.264640692194894,2.413238418229244,0,2.0788906857764706,0.8095786834301002
32119,B*35:01:01:01,1.292768303109067,0.0,0.0,0.7975968905933364,0,0,0.0,4.13594128634494,0,6.226306480047343,4.81438315694945
33066,B*35:01:01:01,1.6553429691749877,0.0,0.061865289788783695,0.8925309268169036,0,0,0.0,1.5210207291726379,0,4.1307599149533125,3.5949253093473548
33471,B*35:01:01:01,0.04694618124929811,0.0,0.4363831475114746,4.179447011650031,0,0,-0.3882546481620706,0.7968392331721388,0,5.071360925420872,-2.12862839479126
32338,B*35:01:01:01,0.0,0.0,0.0,5.389162491829924,0,0,0.0,0.02078100440069286,0,5.409943496230617,-3.3467132864352127
32311,B*35:01:01:01,0.0,0.6452077182708262,-0.1481301920456752,2.201994343444677,0,0,0.0,2.4725160192900293,0,5.171587888959857,-0.10800608626910783
32501,B*35:01:01:01,0.0,0.0,0.0,2.970227285938955,0,0,0.0,3.634409001241377,0,6.604636287180332,0.893878789105144
33340,B*35:01:01:01,0.0,0.3087354816496133,0.7199584380106021,2.683437321852263,0,0,0.0,-0.8656810582741986,0,2.84645018323828,1.377168151940948
31966,B*35:01:01:01,0.7718420601238236,0.6452077182708262,-0.8941198539800005,2.1160864966910915,0,0,0.0,-0.3673714314030664,0,2.2716449897026743,-2.8703866366484094
31892,B*35:01:01:01,1.966497397811911,0.0,-0.8180205104413533,0.515613602097495,0,0,0.0,1.5325555498976655,0,3.196646039365718,1.9051877342973065
32273,B*35:01:01:01,0.0,0.0,0.0,5.193808781512314,0,0,0.0,-0.31292713455269777,0,4.880881646959616,-0.2837296421154652
32685,B*35:01:01:01,0.0,0.0,0.0,7.577218295958487,0,0,0.0,-0.9856139597490947,0,6.591604336209393,1.5192698855121725
31969,B*35:01:01:01,0.0,0.0,0.0,0.4295344542005679,0,0,0.0,2.731345674847259,0,3.1608801290478272,-0.5067851974116732
32200,B*35:01:01:01,0.0,0.0,0.0,2.635309495941656,0,0,0.5793293780996351,-0.6339762537317603,0,2.580662620309531,3.0256229842927316
21378,B*35:01:01:01,0.0,-0.5275125425510053,0.0,0.9697446543894798,0,0,0.0,2.865936847288216,0,3.3081689591266903,-4.5553808992375036
32041,B*35:01:01:01,-0.3231004996553236,0.0,-0.8941198539800005,-1.017981597811629,0,0,0.0,-1.3262052704624008,0,-3.561407221909354,-1.045602529188472
32056,B*35:01:01:01,0.0,0.0,0.0,-0.3496824874616262,0,0,0.8416936425671261,0.36086588034266653,0,0.8528770354481664,4.67154998210896
14772,B*35:01:01:01,0.0,0.0,0.0,3.8669586711226884,0,0,0.0,-1.0979467134852663,0,2.769011957637422,-0.2943707791029879
32842,B*35:01:01:01,0.0,0.0,0.0,0.3730658469264245,0,0,0.0,2.0893753578154195,0,2.462441204741844,-0.9133446261669806
32993,B*35:01:01:01,0.0,0.0,0.0,1.203058099264963,0,0,0.0,-2.3754779873903162,0,-1.1724198881253531,0.6600848518182078
32030,B*35:01:01:01,0.9614111671546246,0.0,0.0,4.211922528879331,0,0,0.0,2.0397146398720327,0,7.213048335905988,2.7716000422221607
22586,B*35:01:01:01,0.0,0.0,0.7199584380106021,1.3878315962696322,0,0,0.0,-0.11398230878382354,0,1.9938077254964108,7.040601750604077
33236,B*35:01:01:01,0.0,0.0,0.0,0.673489937904123,0,0,-0.8549507226307036,2.05653663737591,0,1.8750758526493296,0.3737088472725844
33000,B*35:01:01:01,0.0,0.0,0.0,0.06868376309276597,0,0,0.0,0.735280822237176,0,0.803964585329942,4.469186032179241
21443,B*35:01:01:01,0.9614111671546246,0.7469904125807685,0.5109016461905881,3.2484560205107926,0,0,0.0,0.08482745195231822,0,5.552586698389092,2.7140795222015015
30139,B*35:01:01:01,-0.7613554305864787,-1.000597838334149,1.4050215001705886,6.904985348178696,0,0,0.0,2.6320512553585855,0,9.180104834787242,2.890514399813067
30231,B*35:01:01:01,0.0,0.0,0.7199584380106021,2.4444711716380674,0,0,0.8794339705499731,3.277609611240883,0,7.321473191439526,-0.9267875616244166
33103,B*35:01:01:01,0.0,0.0,0.0,0.6956328100562188,0,0,1.167116043001754,0.33724592359519157,0,2.1999947766531642,4.505246398954693
31896,B*35:01:01:01,0.0,0.0,-0.1481301920456752,3.473528578331435,0,0,0.0,3.6169554445389385,0,6.942353830824699,0.5262622412472643
34348,B*35:01:01:01,0.0,0.0,0.0,2.545218456557018,0,0,0.0,-0.2972056603747715,0,2.2480127961822465,2.1511244120980293
34501,B*35:01:01:01,-1.5635328556932127,0.0,0.0,-1.405299856204536,0,0,0.8794339705499731,1.8580696340593084,0,-0.23132910728846734,2.3533606959080258
32743,B*35:01:01:01,0.0,0.0,0.0,2.8977983953346707,0,0,0.0,0.791237554601494,0,3.689035949936165,3.3863501680293675
32844,B*35:01:01:01,0.0,0.0,0.0,3.34004615934127,0,0,0.8416936425671261,2.52546523036281,0,6.707205032271206,2.5199544406595256
31978,B*35:01:01:01,0.0,0.0,-0.1481301920456752,3.7505581197302487,0,0,0.0,1.3728651248008532,0,4.975293052485426,2.1592145412953503
31845,B*35:01:01:01,0.0,0.0,0.0,-0.46045476113622374,0,0,-0.0492792813227391,1.6716351001882104,0,1.1619010577292475,-1.233077887872585
31808,B*35:01:01:01,0.0,0.0,0.0,1.9016896830264611,0,0,0.0,-0.6009135641737862,0,1.300776118852675,0.8133736060454043
31700,B*35:01:01:01,0.0,0.0,0.0,8.919493333141613,0,0,0.0,1.2062287520236499,0,10.125722085165263,0.49523984288534834
33046,B*35:01:01:01,0.0,0.0,0.0,1.868473430242139,0,0,0.0,1.1630139065550231,0,3.031487336797162,0.3324426658383789
301,B*35:01:01:01,0.0,0.0,2.3295171160990975,2.672915424346546,0,0,0.0,3.2495646729844356,0,8.25199721343008,0.7108186993951322
32558,B*35:01:01:01,0.0,0.0,0.0,0.3933080365151267,0,0,0.8416936425671261,2.551943780167634,0,3.786945459249887,2.2252039060117426
33042,B*35:01:01:01,2.1408507849566885,0.0,-0.004262379174001074,1.8909280904086692,0,0,0.0,-1.1800717669504193,0,2.8474447292409373,-1.2029455853469733
32853,B*35:01:01:01,2.1408507849566885,0.4910570384435679,1.4050215001705886,5.716471739242141,0,0,0.0,1.0390873547033128,0,10.7924884175163,3.240599153649291
33023,B*35:01:01:01,0.0,0.0,0.0,3.434680973098438,0,0,0.0,0.40680170478244726,0,3.8414826778808853,-0.7689418709578993
32039,B*35:01:01:01,0.0,0.0,0.0,0.43078218421817294,0,0,0.0,3.1676452948745544,0,3.5984274790927273,3.459709829407088
34534,B*35:01:01:01,1.525613862500204,-1.1465517509572287,-0.09806207243075116,3.4330652426218706,0,0,-0.09166792512029986,-0.04107059975538585,0,3.581326756858409,5.690080834541101
33143,B*35:01:01:01,-0.7613554305864787,-1.000597838334149,0.515164025364589,1.2180228860312123,0,0,0.0,0.5598569095098087,0,0.5310905519849825,-0.3057139797704331
32024,B*35:01:01:01,0.0,0.0,0.0,2.3917275887550296,0,0,-0.8069649830202555,-0.013354334475051521,0,1.5714082712597224,-3.190486037369234
31933,B*35:01:01:01,0.0,0.0,0.0,5.389008089709137,0,0,0.0,0.5350604781824799,0,5.9240685678916165,1.561657051568538
32855,B*35:01:01:01,-1.845811360828281,0.0,0.515164025364589,1.7474194462991175,0,0,0.0,-0.03885186428871068,0,0.37792024654671497,0.5561203426892077
30072,B*35:01:01:01,0.5314128725225884,-0.3553901200633227,0.0,2.294975158488664,0,0,0.0,1.4707349082772136,0,3.9417328192251433,1.7662526854223692
32745,B*35:01:01:01,0.0,0.0,0.0,0.08098861299532711,0,0,0.8416936425671261,2.304821820861238,0,3.227504076423691,0.6635867898852872
32988,B*35:01:01:01,0.0,0.0,-0.1481301920456752,4.744297278369146,0,0,0.0,0.23432228192731552,0,4.830489368250786,1.3189920206607917
31781,B*35:01:01:01,0.8873031950009028,0.0,-0.8941198539800005,2.2777545783068067,0,0,0.0,-1.35424114452618,0,0.9166967748015291,2.7583184974007167
32804,B*35:01:01:01,0.0,0.0,0.0,0.056901507584553146,0,0,1.2471587506752904,2.241733892753169,0,3.5457941510130127,1.57590991848835
32799,B*35:01:01:01,0.0,0.0,0.0,3.449922061780046,0,0,0.0,1.6201685809812918,0,5.070090642761338,3.265681125668707
32674,B*35:01:01:01,0.9614111671546246,0.0,0.0,3.2874971132381905,0,0,0.0,1.2176394962789343,0,5.466547776671749,2.0653276123866116
32658,B*35:01:01:01,0.0,0.0,0.0,0.8644164844064003,0,0,0.8794339705499731,2.362838856961063,0,4.106689311917436,4.1090499684673025
31848,B*35:01:01:01,2.0130174134468035,0.0,0.0,1.2990790610818967,0,0,0.0,0.6088537144823452,0,3.9209501890110454,-2.721685740527777
32072,B*35:01:01:01,0.0,0.0,0.0,6.700085635497439,0,0,0.0,0.31385683544378995,0,7.013942470941229,-0.41771006225471397
21458,B*35:01:01:01,-0.4531841533999446,0.0,-1.5144726742189718,-1.8416167701824326,0,0,0.0,1.0847839623977198,0,-2.7244896354036294,6.663348575234359
32092,B*35:01:01:01,0.0,1.1631508098056809,-0.6991336980920859,0.7846963239270923,0,0,0.0,1.995645434693482,0,3.2443588703341693,-0.13049607266429578
32358,B*35:01:01:01,0.7718420601238236,0.0,-0.1523925712196763,-1.262716725010787,0,0,0.0,-0.10903647046419832,0,-0.7523037065708379,6.222263707166684
1475,B*35:01:01:01,-0.08762633588363489,0.0,0.5596157879354228,0.45359987619839415,0,0,0.0,1.2807759567217987,0,2.2063652849719806,3.9782955384813663
2061,B*35:01:01:01,0.6249389305334118,0.0,0.0,0.18584974334235754,0,0,0.0,1.3897412379771448,0,2.200529911852914,-1.7092041712055854
32089,B*35:01:01:01,-1.0844559302418024,0.0,0.4363831475114746,-0.48518415059242614,0,0,0.0,4.452241671488397,0,3.318984738165643,-2.681900628451382
32055,B*35:01:01:01,0.0,0.0,0.0,0.8025791806809743,0,0,0.0,1.2992822656184282,0,2.1018614462994023,1.4832326306531862
21380,B*35:01:01:01,0.0,0.0,0.0,2.0667997028208758,0,0,-0.5918536034033102,3.8116155178208695,0,5.286561617238435,5.562867190663818
32697,B*35:01:01:01,-0.277195442914436,0.0,0.6429973968744738,1.1804558585606586,0,0,0.0,-0.6176878257715777,0,0.9285699867491186,5.978739461983324
21382,B*35:01:01:01,0.0,0.0,0.0,3.537158831395613,0,0,0.0,-0.09048060667025234,0,3.446678224725361,0.18086816430574468
32069,B*35:01:01:01,0.2000557365681459,0.7469904125807685,0.8898574748059994,2.9070911662488466,0,0,0.0,1.0919435857031619,0,5.835938375906923,3.234824209965813
31858,B*35:01:01:01,0.8329628367507343,0.0,0.0,2.135760201084813,0,0,0.0,-1.5743919476818138,0,1.3943310901537336,3.3365216338906905
32536,B*35:01:01:01,0.0,0.0,0.0,3.0703837859285907,0,0,0.0,-0.6462295506571786,0,2.4241542352714123,-1.5765638993249504
32411,B*35:01:01:01,-0.7613554305864787,0.0,0.7199584380106021,4.672026190280377,0,0,0.0,2.225668731691121,0,6.856297929395621,1.9935114403458871
30991,B*35:01:01:01,0.0,0.0,0.0,-1.3469596462478937,0,0,-0.6921160535102457,-0.038262390848219696,0,-2.077338090606359,1.9039638172976576
32252,B*35:01:01:01,0.0,0.0,0.0,1.6824109692341045,0,0,0.8416936425671261,0.4478772573322962,0,2.9719818691335265,5.4978338926925945
21663,B*35:01:01:01,0.9614111671546246,0.0,0.0,2.425876668799379,0,0,0.0,1.5984399955058652,0,4.985727831459869,-1.323880785397749
32955,B*35:01:01:01,-0.7773257775636787,1.1631508098056809,0.4363831475114746,0.7190194851172981,0,0,0.0,0.3793506950167696,0,1.9205783598875446,-1.2040830167882717
32494,B*35:01:01:01,0.0,0.0,0.0,-0.875313653516974,0,0,-1.0716056752151495,1.205797866972695,0,-0.7411214617594286,3.476763706844658
21963,B*35:01:01:01,-0.0354184272035427,-0.3553901200633227,0.515164025364589,-0.21120077199724174,0,0,1.2471587506752904,7.2737485364036045,0,8.434061993179377,1.3789822031013652
32050,B*35:01:01:01,0.0,0.0,0.0,0.5206011721307442,0,0,0.0,0.6659690223469468,0,1.186570194477691,-0.5494721170794306
32500,B*35:01:01:01,0.0,0.0,0.0,4.107326915446722,0,0,0.0,1.291680208050874,0,5.399007123497595,-0.5786712038689306
32315,B*35:01:01:01,0.0,1.1631508098056809,1.1186012575392297,0.7750049852419334,0,0,0.0,4.561530626430185,0,7.61828767901703,2.2231598475133567
32640,B*35:01:01:01,0.0,0.0,0.0,0.722233917831336,0,0,0.0,1.2161040671471457,0,1.9383379849784816,2.273474807340817
32047,B*35:01:01:01,0.0,0.0,0.0,6.758398893362393,0,0,0.0,-0.8546877329532072,0,5.903711160409186,-2.043133409749954
32031,B*35:01:01:01,0.9614111671546246,0.0,0.0,5.100189819864273,0,0,0.0,1.115364284692777,0,7.1769652717116745,-1.9549749231289042
32341,B*35:01:01:01,0.0,0.0,0.0,5.174872747138097,0,0,0.0,0.9927657880682595,0,6.167638535206357,-1.0159504867842442
31872,B*35:01:01:01,0.0,0.0,0.0,1.953437919852039,0,0,0.0,0.9361802959600205,0,2.8896182158120594,3.7231392954175218
33054,B*35:01:01:01,0.0,0.6452077182708262,-0.37895582861541144,5.193650130026413,0,0,0.0,-0.6054236637851582,0,4.854478355896669,5.207807548078012
32296,B*35:01:01:01,0.0,0.0,0.0,4.748026482507774,0,0,0.0,0.9986194377369326,0,5.746645920244706,1.3003069925638286
32369,B*35:01:01:01,0.0,0.0,0.0,3.8746769366660216,0,0,0.0,1.1632187861973988,0,5.0378957228634205,0.07998812768337292
32808,B*35:01:01:01,0.0,0.0,0.0,2.2480772869850925,0,0,-0.264640692194894,0.1856566520300352,0,2.1690932468202337,3.8415082386708086
31975,B*35:01:01:01,0.0,0.0,0.7199584380106021,0.030683582025983147,0,0,0.0,1.03890348075362,0,1.7895455007902052,5.262851080363058
31928,B*35:01:01:01,0.3700466809046217,0.0,0.0,2.499183582894605,0,0,0.0,4.78337624044208,0,7.652606504241307,4.495130812214438
32453,B*35:01:01:01,1.292768303109067,0.0,0.515164025364589,1.5069572469815027,0,0,0.0,-1.1214490797328387,0,2.1934404957223204,0.2933852891143893
32284,B*35:01:01:01,0.0,0.0,0.0,4.160598184646593,0,0,0.0,-0.3293725149526011,0,3.831225669693992,1.1826858756831067
21674,B*35:01:01:01,0.0,0.6452077182708262,-0.37895582861541144,1.5031466443243562,0,0,-0.3882546481620706,1.762016486622425,0,3.1431603724401254,5.926234471915969
32800,B*35:01:01:01,1.5863500976880363,0.0,-0.8941198539800005,3.3222917474882427,0,0,0.0,0.27688421325814794,0,4.291406204454426,5.224020228106054
31887,B*35:01:01:01,0.0,0.0,0.0,3.859545561460399,0,0,0.0,1.669408698293148,0,5.528954259753547,0.6713360150309666
32827,B*35:01:01:01,0.0,0.0,-1.1355168456035605,0.9024410684588238,0,0,0.0,1.6492344722839951,0,1.4161586951392584,0.7672105926375181
32518,B*35:01:01:01,0.0,0.0,0.0,0.019325984708490784,0,0,1.2471587506752904,1.2485632852800432,0,2.5150480206638246,4.135523910529869
32720,B*35:01:01:01,1.292768303109067,0.0,0.0,-0.40378907636371186,0,0,0.0,1.8461799401168268,0,2.735159166862182,-0.8485430875015642
32533,B*35:01:01:01,0.0,0.0,0.0,1.674478345151096,0,0,0.0,0.7105841008855458,0,2.385062446036642,-1.884735796292417
33167,B*35:01:01:01,0.0,0.0,0.0,0.3812587230215083,0,0,-0.4274753613153518,2.3077078905691835,0,2.26149125227534,-0.5519046034586808
