tcr_id,mhc_allele,score_tcr_p1,score_tcr_p2,score_tcr_p3,score_tcr_p4,score_tcr_p5,score_tcr_p6,score_tcr_p7,score_tcr_p8,score_tcr_p9,score_tcr_all,score_tcr_mhc
21367.0,A*02:01:01:01,0.0,0.0,0.0,-0.4657365772564665,-0.6077367029051796,0.1878184109151653,-0.32691564928169425,0.25830450690458706,0.0,-0.9542660116235879,-1.1281532418210656
22560.0,A*02:01:01:01,1.149106179210564,0.0,0.9136115608141068,1.759029082337783,-0.7214135369113199,-0.5417314050763086,1.9135707214517224,-0.010646077610071192,0.0086957069675539,4.470222231184032,-1.903284175053486
33315.0,A*02:01:01:01,0.0,0.0,-0.0168638060520049,1.6344507885743491,0.7071638251902217,0.8724363944119957,1.0588312871627923,-0.45684579136710285,0.0,3.799172697920252,1.7538514428748515
30403.0,A*02:01:01:01,0.0,0.0,0.0,0.6022098716540879,-1.133082933952662,0.5240157365312168,-0.3793190262521543,1.2268591817810797,0.0,0.840682829761568,0.4565885745879162
32798.0,A*02:01:01:01,0.4997872226198,0.0,0.0,0.660255038933584,-0.0469331534222191,0.7113186236753755,0.0,-1.4660319498716365,0.0,0.35839578193490396,0.9297690604955933
32596.0,A*02:01:01:01,0.0,0.0,0.0,0.6361297326200901,0.0,-0.6968349337259868,0.8085014850243121,1.0662832877816801,0.0,1.8140795717000955,-0.8397945176748275
31902.0,A*02:01:01:01,0.0,0.0,0.0,0.0,-0.912235280554103,-0.1273179325716067,1.501791681495418,-0.5034297833189298,-0.037824308667339,-0.07901562361656056,-0.5985533368237888
32385.0,A*02:01:01:01,0.0,0.0,0.0,-0.168853502195642,1.6529513490086398,0.9089216505731126,-0.37931902625215436,0.6924432915082992,-0.5974400966027618,2.108703666039493,1.10147277566736
31744.0,A*02:01:01:01,-1.0726094181339512,0.0,0.0,1.9906108212344253,0.5849781318063146,-0.0320077527672819,0.0013185617283048012,-0.202776248489776,0.0,1.2695140953780357,0.7064309363078985
31901.0,A*02:01:01:01,0.0,0.0,0.0,0.48713082496851345,-0.1474347124843165,0.522770451301452,0.4865610017663593,-0.8786935900906347,-0.086614472836771,0.3837195026246026,0.25761217616694837
31741.0,A*02:01:01:01,-0.1746678249279927,0.2805282350951621,-0.08073365447994052,4.006712537612573,2.2550686044331565,0.4832074966993911,0.4497738547678376,-1.3094655286976473,0.0,5.910423720502539,0.8276806462438024
31685.0,A*02:01:01:01,0.0,0.0,0.0,-0.3641960149313381,-0.20100149924001628,-0.8770935683042821,1.501791681495418,0.834928322524163,0.0,0.8944289215439445,0.08425077697744121
21392.0,A*02:01:01:01,-0.1009866378091302,-0.2641989403465099,0.1772922083889525,3.656784539299066,0.579000202546928,-0.1550341312655802,1.501791681495418,0.4174641612620815,0.6065327077231742,6.4186457912943995,-0.8047956625450408
32442.0,A*02:01:01:01,0.0,0.0,0.0,0.2521391787382271,-0.43763784594726257,0.0,0.0,0.8530116146512798,0.17574979163072,0.8432627390729643,6.171479909402932
32732.0,A*02:01:01:01,0.4997872226198,0.0,0.9136115608141068,-0.2912554837083202,-0.3107026584446305,-0.29518664347724166,0.0780923588684862,-0.07308154855086352,0.0,0.5212648081213369,-0.3532550818804229
33316.0,A*02:01:01:01,0.0,0.0,0.0,-1.0597891128304533,0.022054559324491685,1.5006418569887017,1.56857328400715,1.4914131550099659,0.0,3.5228937424998557,2.4505346565491393
33317.0,A*02:01:01:01,0.0,0.0,0.0,1.8049698803015652,0.0,0.8651088523560683,-0.1296251376574574,-0.81522052651008,0.0,1.725233068490096,-0.20588306260845662
32435.0,A*02:01:01:01,0.4330958481211279,0.0,0.0,-0.18354578683399575,0.1329070125203502,-0.45228995679520023,0.0,1.1643519552840098,0.0,1.0945190722962919,2.653750655352366
31937.0,A*02:01:01:01,-0.7608652341085006,0.0,0.0,-0.8467323077030021,1.013894092612697,0.13762866639131008,0.0,-0.050412748738150714,0.0,-0.5064875315456464,-1.206023580361472
32355.0,A*02:01:01:01,0.0,0.0,0.0,-0.45155645396227256,0.0,0.6690171710055881,-1.1924758857701157,0.43554745338919826,0.0,-0.5394677153376017,1.8564112204894725
31772.0,A*02:01:01:01,0.0,0.0,0.0,2.009775722767314,0.4352916709280329,0.2283360822330186,-0.002285715280856,1.9276857543504256,0.0,4.598803514997935,4.018967553436831
31881.0,A*02:01:01:01,0.0,0.0,0.0,-0.687457653776731,-0.12490022953778679,-0.5435374297155855,1.501791681495418,0.834928322524163,0.0,0.9808246909894778,-2.8726276451812236
30993.0,A*02:01:01:01,0.0,0.4628497918891168,0.9136115608141068,0.5497582150469063,-0.27811939613877523,0.1625489332155576,0.8399714907452137,0.0,0.0,2.650620595572126,1.8239056139491319
32015.0,A*02:01:01:01,-1.1191294337688442,0.0,-0.2135741002980591,-0.001212551368421022,-0.4442627619722719,-0.7917824093104427,0.8734439422432134,0.46557887420857125,0.0,-1.2309384402662542,-0.5036580725141038
30112.0,A*02:01:01:01,-0.03651748644717556,0.0,0.9136115608141068,0.598163865557049,-0.19065379558890042,-1.626763397393471,0.1016228562786804,0.15744211006096892,0.0,-0.08309428671874192,-4.575313338292916
21398.0,A*02:01:01:01,0.0,0.0,0.206279745262205,1.9251681138944778,0.0784747364540004,0.2725921438133064,0.4255092327682064,0.6598739142014525,0.0,3.5678978863936486,2.117878135877198
32719.0,A*02:01:01:01,0.0,0.0,0.0,0.9667733813384226,0.0,0.47951401640408003,0.057473071665750775,1.7817629531867794,0.0,3.2855234225950327,2.118106791896672
31832.0,A*02:01:01:01,0.0,0.0,0.0,-0.15199073097910654,-3.3367764338947152,0.9934622454605022,-0.5137710173306473,1.5102215930883442,0.0,-1.4988543436556228,0.6977108065840363
22574.0,A*02:01:01:01,0.0,0.0,0.0,0.5515647944722777,0.0,-0.5766772628447262,-0.2474081733138409,-0.4784592677876399,0.0,-0.7509799094739293,0.6153002200055837
32465.0,A*02:01:01:01,0.0,0.0,0.0,1.4948224515769315,1.826147313324772,0.608370654422933,-0.1538897596570886,1.5102452621370686,-0.5974400966027618,4.688255825201854,-0.06998712742427618
32681.0,A*02:01:01:01,0.6493189565907639,0.0,0.582757316497117,1.3255386910347295,1.4298107093853192,0.979803277302128,0.2522375114941697,0.9289813344433198,0.2849490835957119,6.433396880343259,-0.05742082757093298
32029.0,A*02:01:01:01,0.0,0.0,0.0,-0.4318170453997384,0.17661849505943936,0.3319095637546904,0.37189195526255214,0.4967988379964424,0.0,0.9454018066733859,0.29205601689226957
32037.0,A*02:01:01:01,0.0,0.0,0.0,0.2176470960699329,2.2075137804480085,0.3791847886527606,-0.1296251376574574,0.1319961969271919,0.0,2.8067167244404367,3.3037328345217447
31989.0,A*02:01:01:01,0.0,-0.0296266932086773,1.1198913060763118,-1.032371604440248,-0.4274748790742353,0.27081533048613327,0.17581534417350952,1.1572667601649318,0.0,1.234315564177726,-4.061299671558681
32096.0,A*02:01:01:01,-0.5363047090669756,0.0,0.0,-0.1977984077747063,-0.4051202361846479,1.8929770301874171,1.5928379060067812,1.2830657592925456,0.0,3.6296573424604146,-2.0428058026618583
34497.0,A*02:01:01:01,-0.5363047090669756,-0.20681425656555763,-0.2810153810935917,1.115997580754413,1.6326932043026618,0.49455782504279555,2.0516346699574592,1.7984159516691778,0.249857763784442,6.3190226487848244,0.26835397259953986
33027.0,A*02:01:01:01,0.0,0.0,0.0,0.0,0.8926128703204974,0.924915447185093,0.2273107264514445,1.0183465767802782,0.0,3.063185620737313,3.680229321127166
32970.0,A*02:01:01:01,-0.1383001807571178,0.0,-0.5794355474246837,2.584295590367529,-0.27546262287045964,0.8517664947466554,-0.6670010987039354,1.5373770239376234,0.0,3.3132396592956113,1.1584794057119296
32272.0,A*02:01:01:01,0.0,0.0,0.0,0.3766320096940733,1.3152278736081853,-1.8669236175476496,-0.2898933414270005,0.3183663422471469,0.2849490835957119,0.13835835017046716,2.509545194819069
32217.0,A*02:01:01:01,0.4946281398097727,0.0,0.3835719536511575,0.061837419700004004,0.9130655700699253,1.5265224234808255,0.0,1.6326974663524991,0.0,5.012322973064184,0.4436641372555602
31762.0,A*02:01:01:01,-0.5363047090669756,0.0,0.0,-0.5792469142445487,0.2658140250407004,1.9895619074237425,-0.5736691589117162,1.6841693764616048,0.0,2.2503245267028076,4.0209314163832515
31967.0,A*02:01:01:01,0.0,0.4628497918891168,-0.3045458785037858,0.08658876878022193,-0.3480145538359578,0.0835051343545624,-0.8864881326035107,-0.07299415967947537,0.0,-0.9790990295988284,0.9886939028471
856.0,A*02:01:01:01,0.0,0.0,0.0,-0.6443659992582051,0.0,-0.28322591956486054,0.7156634943653764,1.3425366644098382,0.0,1.1306082399521489,-0.2918243575909195
32239.0,A*02:01:01:01,0.4330958481211279,0.0,0.0,-1.2021798102657815,0.5992808737155071,0.20130965981594082,0.0,-1.4660319498716365,0.0,-1.4345253784848422,0.4695317489932394
32887.0,A*02:01:01:01,0.9995744452396,0.0,0.9136115608141068,1.5833845310520271,-0.5604522287942384,0.33345532637673386,-0.6526123612518357,1.8547577266427222,0.0,4.4717190000791165,-0.136372690204566
32854.0,A*02:01:01:01,0.0,0.0,0.0,1.1122897225493502,1.874521548479138,0.5978670044734026,0.7174552605129488,-0.1442571797009662,0.0957070839571835,4.253583440271056,3.627107768828782
1026.0,A*02:01:01:01,-0.6746048898240934,-0.540452316974668,-0.0168638060520049,0.04614442606071639,0.5657947871868119,0.0,-0.2474081733138409,1.3421890986589438,0.5258809529978878,1.0006800787397525,-0.3859025511530993
22575.0,A*02:01:01:01,0.0,0.0,0.0,1.957334369633223,0.9833619394603204,0.5591383512076309,-0.5593548677652532,-0.5624318205666462,0.0,2.378047971969275,4.302918287680421
33242.0,A*02:01:01:01,0.0,0.0,0.0,0.13046494570261474,0.0,0.7463750341495646,-0.13455269242610535,1.091505945743135,0.0,1.833793233169209,-2.213366734129626
31922.0,A*02:01:01:01,-0.33501047500317216,-0.9014656625119988,1.0909037692030592,1.6420894710340668,0.3262417306937889,-1.1654146051098526,1.5103168823187774,0.0,0.0,2.1676611106246684,-3.2260230551213946
1128.0,A*02:01:01:01,-0.47477241737833076,0.0,-0.026334440510454526,1.1568362403834274,-1.034969764147982,-0.8237901620777246,-0.3796210042100589,0.39490641936948107,0.0,-1.1877451285716425,1.6859158130317757
32597.0,A*02:01:01:01,0.0,0.0,-0.3045458785037858,2.626152607365829,0.0,1.1885873487160095,0.942143771564128,1.6837850476574219,0.232236162434622,6.368359059234224,1.666933575226846
85.0,A*02:01:01:01,0.0,0.0,0.0,-0.5403724519540839,0.9942203012209387,0.29496716563452113,-0.3574090685281696,-0.7503929832712819,0.0,-0.3589870368980756,0.6960984445918631
29737.0,A*02:01:01:01,0.0,0.0,0.0,0.3547039039805244,-0.2041187369446316,0.17368112071103736,-0.6495881252360262,1.2486742914314564,0.0,0.9233524539423604,0.902004375133406
31857.0,A*02:01:01:01,0.0,0.0,0.0,0.4160118192980924,-0.2795403475245223,-0.30686075537371604,-1.045654949361443,0.3639966149922463,-0.086614472836771,-0.9386620908061138,2.960957578546525
32594.0,A*02:01:01:01,1.3929600276931633,0.4628497918891168,-0.3045458785037858,0.6560568531586566,0.6235651519345905,-0.4407132554148967,1.499505966214562,1.3449177424187795,0.0,5.234596399390186,0.7664245786462099
32126.0,A*02:01:01:01,0.0,0.3938569204021653,0.0,-0.2556406083769926,0.0,0.0,-0.8924993142937916,0.0,0.0,-0.7542830022686189,3.59073254979245
21671.0,A*02:01:01:01,0.0,0.0,0.0,3.8471329339093403,0.2557752453274744,1.1572178015286854,0.22019815774955287,0.788154720561716,0.0,6.268478859076769,0.20907252325241152
32483.0,A*02:01:01:01,0.0,0.0,0.0,2.9028975852876204,0.9144742363278336,1.01090538884016,-1.4913053744455211,0.8852773514396501,0.0,4.2222491874497425,5.96162536834331
8897.0,A*02:01:01:01,0.0,0.3938569204021653,-0.051746117606688014,-0.2556406083769926,1.2154748253956158,0.6116253670638745,-0.535090245765622,-0.5624318205666462,0.0,0.8160483205457069,0.2075930811069464
4716.0,A*02:01:01:01,0.0615322916886448,0.0,-0.3533360426732178,-0.3097078296472684,-0.32164175052260946,-0.130824175206674,1.4298246529356522,0.13785374552317065,0.0957070839571835,0.6094079760548816,2.741550566809365
32398.0,A*02:01:01:01,-1.2598564002274886,0.0,-0.130192491359008,-0.1761764370227458,-0.1006216585357245,-0.41401261523635163,2.5050071455411804,0.0,0.0,0.42414754315986203,3.7736646660006783
31970.0,A*02:01:01:01,0.8977917509296578,0.0,-0.0532314502228797,0.2176470960699329,-0.5071150443694551,0.41115064984792965,0.47658209966694154,0.0,0.0,1.4428251019221272,7.618805597737234
,,,,,,,,,,,,
32052.0,A*02:01:01:01,0.0,0.0,0.0,-0.4611545205037174,0.24367642450033355,-0.6803409758651815,-0.6526123612518357,2.4152048212238295,0.0,0.8647733881034285,6.80981582071178
31567.0,A*02:01:01:01,0.0,0.0,0.0,1.8109329545729138,0.43160224635161515,-0.24506236489651778,1.6536744376322432,0.7984203073463837,0.0,4.449567581006638,3.637521643037055
32415.0,A*02:01:01:01,0.0,0.0,0.0,1.894430441302916,1.3188953777792938,0.5985027375516134,-0.2859870864599351,-2.063770310972534,0.0,1.4620711592013542,2.02127292020381
71.0,A*02:01:01:01,0.0,0.0,0.0,0.6875267253344872,-0.2002577282871719,0.417061272943259,-0.29062746601643763,0.4903709320701692,0.0,1.1040737360443058,-1.9584146508264937
1014.0,A*02:01:01:01,-0.5363047090669756,0.0,0.1772922083889525,2.1286573940289175,1.3005189281053096,-0.30686075537371604,-0.05783777484524366,0.03986729031805919,0.0,2.7453325815553034,-4.516675574619695
,,,,,,,,,,,,
31783.0,A*02:01:01:01,0.0,0.0,0.0,0.3129487815428344,-0.1006216585357245,-0.87122670097579,-0.8545111304367075,1.9527356321720797,0.0,0.4393249237666921,5.186399458576436
31782.0,A*02:01:01:01,0.0,0.0,0.0,0.4760815576859203,1.0146378635655413,0.7526620068710337,-2.026395620211143,0.5282200582319911,0.0,0.7452058661433434,1.588349395592662
32734.0,A*02:01:01:01,0.0,0.0,0.0,2.4327672813129277,1.3850584911709958,0.11922682902746021,0.8399714907452137,2.3722179575903986,0.6065327077231742,7.755774757570171,-2.924502578839834
31803.0,A*02:01:01:01,0.5110187758336461,0.0,0.206279745262205,-0.2556406083769926,-0.5071150443694551,-0.5020944204304305,-0.044700406152517164,0.0,0.0,-0.5922519582335442,2.183030333941899
31745.0,A*02:01:01:01,0.0,0.0,0.0,0.47919662937357277,-0.24884162352887873,-0.9622989206546348,0.3679857002954868,0.7255135365382961,0.0,0.36155532202384205,4.478269446926232
31785.0,A*02:01:01:01,0.0,0.0,0.0,0.32997748195628895,0.3769676119171197,-0.25468692989746305,-0.3809395659383637,1.0927574318262625,0.0,1.1640760298638444,4.540892183956226
30154.0,A*02:01:01:01,0.3980045283098578,0.0,0.0,1.5293534763881729,-0.2495439129257298,0.6671122771773932,0.1820924490227264,1.1656642026343502,0.0,3.6926830206067707,1.2864726189306832
32505.0,A*02:01:01:01,0.0,0.0,0.0,-0.07286835827555449,2.8988735205244778,0.6399669544391497,2.999642213963119,-0.34774390779434067,0.0,6.117870422856852,0.7407569007151585
32191.0,A*02:01:01:01,0.8311003764309857,0.0,0.582757316497117,2.787653953985696,2.093261553343445,-0.5625965435402704,1.2111642154789803,1.7706420917506884,0.213490119613567,8.927473083560209,-1.6947004091915199
21451.0,A*02:01:01:01,0.2012942340638034,0.0,0.0,1.6737122286573836,0.04233984056097228,1.745393039148332,1.463212768349324,2.2692431277808933,0.0,7.395195238560708,4.448635815763382
30076.0,A*02:01:01:01,0.0,0.0,0.0,-0.22044765813110606,2.37832187442663,1.0225812063127544,-0.2671880040271176,-0.34774390779434067,0.0,2.56552351078682,7.097132029256798
21438.0,A*02:01:01:01,0.0,0.0,-0.1272536701148333,4.007365766230399,2.374961352809904,2.8519220948387383,-1.152850976620317,-2.0708869165080594,0.0086957069675539,5.891953357603386,-2.451725099726356
32025.0,A*02:01:01:01,0.6493189565907639,0.0,0.0,1.233921774761942,1.8538228891070283,0.09836169056349839,0.5950355065767619,1.7707294806220764,0.0,6.2011902982220715,4.356626559445129
21651.0,A*02:01:01:01,-1.1123497467834653,0.8567067122912821,-0.130192491359008,3.3621205122796862,-0.0007437709528444,2.165814377319531,-0.44404402125425885,0.0,0.2221858265811209,4.919497398122043,0.04055661828718504
34530.0,A*02:01:01:01,0.0,0.0,0.0,0.47510457762505987,1.3469032800029186,1.3412052385432414,0.24824612192580842,0.322932919744392,0.0,3.7343921378414207,2.8850290684861344
15334.0,A*02:01:01:01,0.0,0.0,0.0,-0.1761764370227458,0.15283302532143916,0.0835051343545624,-0.3574090685281696,-1.056016354590215,0.0086957069675539,-1.344567993497575,2.229659466367212
31877.0,A*02:01:01:01,0.0,0.197146626156111,-0.0532314502228797,1.2123666621547626,-0.8446709252749631,0.4581985837959731,-0.3574090685281696,0.15752949893235674,0.0,0.7699299270131912,1.4888964571679986
32784.0,A*02:01:01:01,0.0,0.0,0.0,1.6767833452329832,0.9662052147011919,0.04934259196967991,0.7156634943653764,0.5597716433581654,0.0,3.967766289627397,3.8068493002092874
32773.0,A*02:01:01:01,-0.0394543461204854,0.0573846837809523,-0.3045458785037858,2.5998378173744134,2.5299818900817685,0.2956796542981982,-0.37703331097129833,-0.17050096130972953,0.0,4.591349548630034,-2.6052223989765846
34532.0,A*02:01:01:01,0.3980045283098578,0.0,-0.0168638060520049,0.0287465681779356,0.10700873811105238,0.0739702374393392,2.4821018984312873,-0.5879614426448947,-0.5974400966027618,1.8875666251698109,8.6905229402156
21439.0,A*02:01:01:01,-0.5363047090669756,0.0,0.582757316497117,0.966511856483502,0.11910307831204359,0.7317758241855622,0.4825624222170441,0.3080493752762145,0.0,2.654455163904508,-0.854442498418307
31789.0,A*02:01:01:01,0.0,-0.0296266932086773,0.9136115608141068,-0.0770855343785147,-0.6281542652497822,0.0,0.1820924490227264,0.6060484146989278,0.213490119613567,1.1803760513123538,-2.069508548254003
29729.0,A*02:01:01:01,0.0,0.4628497918891168,-0.260384982718016,1.3949169552509584,0.5418243466645115,-1.6484339729239745,3.1890392719732734,1.3252992545943323,0.0,5.005110664730202,0.7148768316369217
32772.0,A*02:01:01:01,0.0,0.0,0.0,-0.6324331855314194,1.5047168787304837,1.944238659036112,0.44550989947487596,0.6059610258275399,-0.5974400966027618,3.2705531809348303,6.31643213291184
32673.0,A*02:01:01:01,0.0,0.0,0.0,1.3193250760843707,2.3483132407146656,-0.6783381615555253,0.33629862342384875,0.322932919744392,0.0,3.6485316984117513,-2.0949428098593095
30996.0,A*02:01:01:01,-0.5027711188422156,0.0,0.0,-1.4672455021737427,-0.5168544486584938,0.8738375531731504,0.0,1.3802559785827784,0.0,-0.2327775379185235,-2.420686847941927
302.0,A*02:01:01:01,0.0,0.0,0.1772922083889525,0.5332883410910116,1.6654102227289131,0.5428633802510547,-0.949331667749236,-0.39935010459499637,0.0,1.5701723801156995,0.721444346680307
34528.0,A*02:01:01:01,0.0,0.0,0.0,0.9558858294187615,1.8336947035426783,-0.37060348414095134,1.4775270594957868,0.4174641612620815,0.0,4.313968269578357,2.552543035037281
33073.0,A*02:01:01:01,0.10090465888723754,0.0,0.582757316497117,-1.878332241892537,-0.020417562344602597,-0.3936491462527027,0.1598805133408371,1.6467044210521025,0.0,0.1978479592874518,1.5409715922083154
32497.0,A*02:01:01:01,0.0,0.0,0.0,0.29970355479281396,0.08293218069983249,0.014006772671782214,0.6170144132955371,0.7255135365382961,0.0,1.7391704579982619,3.0485113831769284
32019.0,A*02:01:01:01,0.0,0.5581599716934417,0.1772922083889525,1.0569467219246527,-0.3268532205385108,0.2324405784111139,1.055461944960303,0.9749452033709771,0.0,3.7283934082109296,2.0209138452181112
31851.0,A*02:01:01:01,0.0,0.0,0.0,0.2964279739230471,0.6980411431942194,-0.8770935683042821,1.501791681495418,0.834928322524163,0.0,2.454095552832565,1.208318651071195
31900.0,A*02:01:01:01,0.0,0.0,0.0,2.103014436346598,0.532967675840184,0.3410716260198566,0.03153941525017974,2.0937996547660593,0.1365290784774385,5.238921886700315,-0.5658555453437272
31800.0,A*02:01:01:01,0.0,0.0,0.0,0.5205209076842036,0.0,0.7648559455330117,-0.0408646284269502,2.604601153758721,0.0,3.849113378548986,1.8483419182814855
32838.0,A*02:01:01:01,0.0,0.0,0.0,0.9233891946573529,-0.5195362668752352,0.6292357928868948,-0.37703331097129833,0.8881593399230646,0.0,1.5442147496207788,0.04584382665919662
31875.0,A*02:01:01:01,0.0,0.3938569204021653,0.206279745262205,-0.38581798568329856,1.3310700465269212,0.49455782504279555,-0.0242646219996312,0.322932919744392,0.0,2.338614849295549,1.0375559575820874
31930.0,A*02:01:01:01,0.0,0.3938569204021653,0.206279745262205,-0.22333170977987116,-0.9972517291870715,0.4581985837959731,-0.002285715280856,1.6467918099234904,0.0,1.4822579051360352,-2.9158374620207295
1294.0,A*02:01:01:01,0.0,0.0,-0.0168638060520049,-0.1761764370227458,0.1783526240368805,-0.2853689204784948,5.9627557116016465,-0.1720045898230223,0.4177221218196394,5.908416704081898,1.2922789100642857
31820.0,A*02:01:01:01,0.0,0.0,0.0,-0.04964749989509598,0.30596311586851466,0.0,0.0,2.017189267269109,-0.5974400966027618,1.6760647866397662,6.91001321424716
32715.0,A*02:01:01:01,0.0,-0.540452316974668,0.0,-0.14742986884481019,-0.1470130545959415,0.3335561385886966,-0.8924993142937916,0.0,0.0,-1.3938384161205146,5.8160216420120925
32714.0,A*02:01:01:01,-0.5363047090669756,0.0,-0.1272536701148333,4.112511636846646,-0.20100149924001628,-1.0759938016276547,0.0,2.3723053464617863,0.0,4.544263303258953,3.21092075866727
32086.0,A*02:01:01:01,0.0,0.0,0.0,1.2838407621237096,0.7253842669707957,0.8870389628945946,0.2273107264514445,1.7573032933715178,0.0,4.8808780118120625,4.8106638316817865
32169.0,A*02:01:01:01,0.0,0.0,0.0,-0.12917088177209568,0.0,-0.3813658981152802,-0.7954419080921474,1.1563334889819334,0.0,-0.14964519899758977,-0.06802909178195549
32809.0,A*02:01:01:01,0.0,0.0,0.0,0.6480535612740739,0.21212551992719503,1.0155640104948724,-0.15636194880247772,-1.437675044378829,0.0086957069675539,0.2904018054823884,-0.9546298345800757
32806.0,A*02:01:01:01,0.0,0.0,0.0,-0.2445160699299944,0.296658292613612,0.24816812173143388,0.1820924490227264,0.3183663422471469,0.2849490835957119,1.0857182192806367,0.04490131515882706
32005.0,A*02:01:01:01,0.0,0.0,0.0,-0.7960130603310764,-0.021161333297446988,1.3065566458463316,-0.002285715280856,0.6668958280947627,0.0,1.1539923650317148,3.869760028965219
32943.0,A*02:01:01:01,0.0,0.0,0.0,-1.229749050406271,0.4992009725417847,-0.9091013210715639,1.501791681495418,0.834928322524163,0.0,0.6970706050835309,3.983711759862439
31886.0,A*02:01:01:01,0.0,0.0,0.0,-0.11433901732274188,-0.052846748848625835,-0.047139474090821254,-0.9857568077803742,-1.0921843827418367,0.0,-2.2922664307844,6.966579894314732
29734.0,A*02:01:01:01,0.3980045283098578,0.0,0.0,-0.4828793155982127,-0.39420393630533246,1.04276676656859,-0.6166593438430844,0.0872942347450762,0.0,0.0343229338768945,5.13968330340819
32325.0,A*02:01:01:01,0.0,0.0,0.0,0.0,-1.0619070131139736,0.2956796542981982,-0.1296251376574574,0.7426635574824142,-0.5974400966027618,-0.7506290355935804,7.652867880524181
31823.0,A*02:01:01:01,-0.5363047090669756,0.3938569204021653,1.7026486225734287,0.6447608050391505,1.1880154998913912,0.417061272943259,0.3335268430565561,0.7050588448424747,0.0,4.84862409968145,-1.0143553009972348
31950.0,A*02:01:01:01,0.0,-0.540452316974668,0.0,0.0287465681779356,0.6454702561848819,0.0,-0.8924993142937916,0.0,0.0,-0.7587348069056421,1.0177321893330893
31915.0,A*02:01:01:01,0.0,0.0,0.0,-0.8225080987744527,0.4787834101971822,0.09836169056349839,1.6567561041696515,0.322932919744392,0.0,1.7343260259002713,0.2024991434737593
32135.0,A*02:01:01:01,0.0,0.0,0.0,0.4841675537179391,-0.6077367029051796,0.2329388461956349,0.32923189941133035,0.5512249360179569,0.0,0.9898265324376817,-0.7806009424531495
31821.0,A*02:01:01:01,0.0,0.0,0.0,1.0719419971175461,0.0,0.37305897702002055,0.808501485024312,0.07629585252373727,0.0,2.329798311685616,0.6649910633063595
32353.0,A*02:01:01:01,0.0,0.0,0.0,0.04147065904718711,1.3640474129695164,0.4991441037317396,-0.2474081733138409,-0.5552858641803553,0.0,1.101968138254247,-0.131798886645486
32989.0,A*02:01:01:01,0.0,0.0,0.0,1.142654849602673,-0.20635004980316476,0.3072563556785018,0.0887605092305072,-8.738887138792784e-05,0.1365290784774385,1.4687633543145677,0.20581397341839125
31956.0,A*02:01:01:01,0.0,0.0,0.0,-0.5112812167539852,0.6979230749299322,0.6292357928868948,0.0910462245113632,0.2304362697404444,0.0,1.1373601453146494,1.6089136810480367
32076.0,A*02:01:01:01,0.0,0.0,0.582757316497117,-0.3746934472363004,-0.2206752906317745,1.3604269267488103,0.1820924490227264,1.771712617333278,0.0,3.301620571733857,2.1026783442089227
32177.0,A*02:01:01:01,-0.5363047090669756,0.0,0.0,-0.08924300122036083,1.086115246916383,1.5271131093390744,1.5928379060067812,2.139313586012492,0.0,5.719832137987394,-3.2656932573976145
32057.0,A*02:01:01:01,-0.5363047090669756,0.0,0.0,2.4551696539098167,1.593431202105422,1.216455429943935,0.4117790399563043,-0.23403135069203207,0.0,4.90649926615647,3.5611464994729918
32997.0,A*02:01:01:01,0.0,0.4628497918891168,-0.9136376355113573,1.0680009273645301,0.5977933318098183,0.0,-0.7824984190794629,-0.6459289757431652,0.2558204818959268,0.04239950262540654,1.3919470903369708
32851.0,A*02:01:01:01,0.20733636203542383,0.0,0.0,3.411604818493141,0.7967759838799084,0.900785593340474,0.0,0.4430211323159708,0.0,5.759523890064918,2.4168568408814117
1274.0,A*02:01:01:01,0.4330958481211279,0.5581599716934417,0.0790260751473717,0.8391476474432766,-0.5117439134053706,-0.664464476738836,-0.6473024099551701,-0.94730411230866,0.0,-0.8613853700028187,0.004875745894937
32100.0,A*02:01:01:01,0.6493189565907639,0.0,0.0,0.7387762142477884,-0.7552915148631232,0.25585881902294433,-0.2696201089957302,2.0681789638895065,0.0,2.6872213298921497,2.4055617786218115
32360.0,A*02:01:01:01,0.0,0.0,0.0,2.1248016282421007,0.43906461270674213,0.3335561385886966,0.0910462245113632,-1.3835174665291243,0.0,1.6049511375197787,5.074658152232011
32468.0,A*02:01:01:01,0.0,0.0,0.0,0.5982146525563702,0.5100818528131462,0.2751164958341136,0.7674868303424855,0.8853647403110382,0.0,3.0362645718571537,1.2141511500049547
29727.0,A*02:01:01:01,0.0,0.0,0.0,1.8119094176149129,0.8693964141279412,0.5690042841630234,1.254383508181577,1.0672241298210978,0.6065327077231742,6.178450461631726,2.1475796737995263
32087.0,A*02:01:01:01,0.0,0.0,0.0,-0.687457653776731,0.2590586733494141,0.08380810057113686,0.8399714907452137,2.214821138520637,0.0,2.710201749409671,4.528110934175721
32216.0,A*02:01:01:01,0.4330958481211279,0.0,0.0,2.3491471719139763,-0.594823429469675,0.443263645337283,0.0,-1.0562230558456271,0.0,1.5744601800570848,1.072937301571867
32221.0,A*02:01:01:01,0.3980045283098578,0.0,0.0,0.18567967142445296,-0.7550496970316906,-0.3230107115579752,-0.8679737721239907,2.5034121491068104,0.0,1.1410621681274646,9.734904036154964
32219.0,A*02:01:01:01,0.0,0.0,0.0,1.5127054740698087,-1.0095294714185687,0.629138382370724,1.014757475309791,-1.0921843827418367,0.0,1.054887477589918,4.587303800601065
31979.0,A*02:01:01:01,0.0,0.0,0.0,2.1069303793735914,0.8189000469737191,-0.5249728467696791,0.7259804613363083,2.134126420613882,0.0,5.260964461527822,6.160770872836419
33039.0,A*02:01:01:01,0.0,0.0,0.0,0.8772688552631412,1.7955926529762898,0.7069355468681994,0.619300128576393,-0.34774390779434067,0.0,3.651353275889683,5.571757549774022
30989.0,A*02:01:01:01,0.4997872226198,0.6599964180452278,-0.3045458785037858,1.4140764011826732,0.1790963949897249,0.07892027344548319,0.09331008089575965,3.2388694084741507,0.6065327077231742,6.466043028872207,1.8556400566007825
21452.0,A*02:01:01:01,0.3616368841389829,0.2805282350951621,-0.3045458785037858,0.37700966149482296,-0.7080451838492098,1.4023561580412451,-0.7422245199415227,1.7875773158000843,0.0,2.454292672275779,-3.160576114090375
31868.0,A*02:01:01:01,0.0,0.3938569204021653,0.206279745262205,-0.19779840777470625,-0.3259017287778031,-0.1273179325716067,-0.0242646219996312,0.6254300779813133,0.0,0.5502840525219364,0.17340521008614163
32017.0,A*02:01:01:01,0.0,0.0,0.0,1.5177548306575148,0.8862602201799465,0.8738586979780775,-0.0385789131460942,0.7838617185138333,0.6065327077231742,4.629689261906452,2.3775084924422902
32974.0,A*02:01:01:01,0.0,0.0,0.0,-0.6485444609946733,0.0,1.03926255002041,-0.7611791906444882,-0.0414871831326466,0.0,-0.41194828475139816,0.5445672210259442
33142.0,A*02:01:01:01,0.0,0.0,0.1772922083889525,3.4163250910103966,3.2520988909938477,0.8004064080328517,0.0,-0.5318469960425065,0.0,7.114275602383541,0.34154142291178197
32499.0,A*02:01:01:01,0.0,0.0,0.0,-0.1761764370227458,-0.1470130545959415,-0.8770935683042821,1.501791681495418,0.834928322524163,0.0,1.1364369440966116,0.6303646079249007
33065.0,A*02:01:01:01,0.0,0.0,0.0,-0.3980528511844918,0.8290210015239867,0.09836169056349839,2.898469236478434,1.7166622593518008,0.0,5.144461336733228,-0.7268157386611154
32099.0,A*02:01:01:01,0.0,0.0,0.0,0.45078478371156,-0.5117439134053705,0.0835051343545624,-0.3574090685281696,0.15752949893235674,0.0,-0.17733356493506097,1.847506583076924
30168.0,A*02:01:01:01,0.0,0.0,0.0,1.300628200860928,0.42244975725279005,0.4156389693771772,-0.2474081733138409,-0.1969364049150576,0.0,1.6943723492619966,3.8423502532446077
31846.0,A*02:01:01:01,0.0,0.0,0.0,1.6480367770550477,2.639331334278371,0.3015483858214147,0.4497738547678376,-0.2591033556840399,-0.5974400966027618,4.182146899635868,1.440189108925616
32579.0,A*02:01:01:01,0.0,0.0,0.0,-0.1347057779755587,0.3626471403288297,0.4489460918155713,0.2765021334938009,0.3183663422471469,0.2849490835957119,1.556705013505502,-4.070657091256823
32446.0,A*02:01:01:01,0.4997872226198,0.0,0.1772922083889525,3.202744795909034,3.024202004089579,0.7093888040843449,1.3698808285571047,0.5782015593056453,0.0,9.56149742295446,1.3953220688191854
32113.0,A*02:01:01:01,0.0,0.0,0.0,1.4636096681999937,0.9677047101433223,0.507141685578157,-2.30688628150988,-0.024879446732985866,0.6065327077231742,1.2132230434017814,5.5386045288682
32410.0,A*02:01:01:01,0.6493189565907639,0.0,0.0,0.06968534148813282,0.4925873444054888,2.0070749227305917,-0.0408646284269502,2.870711737636417,0.0,6.048513674424444,6.32021366415609
32848.0,A*02:01:01:01,0.0,-0.9014656625119988,0.0,0.6698309021224882,-0.5275326067140577,0.0835051343545624,0.9667014357297959,0.0,0.0,0.2910392029807901,2.5110593841288447
32002.0,A*02:01:01:01,-0.5760450377164897,0.4628497918891168,-0.2772487887700209,-0.4335437050631645,-0.7418364840656166,-0.2181661853618218,0.5418978239580561,1.2743875640762141,0.0957070839571835,0.12800206290345692,0.05121746931557736
32405.0,A*02:01:01:01,-0.5760450377164897,0.0,0.1772922083889525,2.195005042087824,2.779045627597229,0.6844956814798728,0.3442633128551352,0.7411075606100719,0.0,6.345164395302596,-1.8999442513041287
32826.0,A*02:01:01:01,-0.1009866378091302,-0.29929026015778,1.035322141635226,0.15647176675062724,1.3735744244978354,-0.1580509879068881,1.3454297326929403,0.675205881692793,0.0,4.027676061395624,1.0909281546094105
32735.0,A*02:01:01:01,-0.5363047090669756,0.0,0.0,-1.2215527055034663,0.5251748062573992,0.6894049984105214,-0.8522254151558515,0.5515019154403258,0.0,-0.8440011096180471,-2.103792096297387
32829.0,A*02:01:01:01,0.0,0.0,0.0,1.5571397970405056,-0.2510518903668507,0.3966978039596101,3.4102068740508678,0.20564421187884652,-0.5974400966027618,4.721196699960217,4.015683188620874
21377.0,A*02:01:01:01,0.6493189565907639,0.0,0.0,0.8893917040213506,0.1329070125203502,1.3165956327352295,1.817999249578081,0.3919308592569167,-0.6352644052701008,4.562879009432591,-0.11618079728412672
32188.0,A*02:01:01:01,0.0,-0.0296266932086773,0.9136115608141068,0.5782875320178038,-0.8322730021944138,0.2283360822330186,0.44748813948698163,0.8545468103486105,0.17574979163072,2.3361202211281498,-4.084115983002912
32192.0,A*02:01:01:01,0.6493189565907639,0.4628497918891168,-0.3045458785037858,2.2463096913640754,-0.20100149924001628,0.6001622533931514,-0.736728094780324,-1.2071513857669969,0.0,1.509213834945985,-2.1112858853467706
31729.0,A*02:01:01:01,0.0,0.0,0.0,1.0582486359218515,0.0,0.7557996552822333,0.5408200792792008,1.9088773162720474,0.0,4.263745686755333,-0.2855336967403729
33238.0,A*02:01:01:01,0.0,0.0,-0.3045458785037858,2.505887257086128,2.0801286841302744,2.2325382060366876,-0.13125196949380943,0.0,0.1553168968984888,6.5380731961539835,0.6375794193598436
31740.0,A*02:01:01:01,0.6292826963273801,0.0,0.582757316497117,0.14374718262017028,-0.4474486099965629,-0.30243088464442125,-0.14331312788977146,-0.43663282143903237,0.0,0.025961751474879446,1.65429225060581
34509.0,A*02:01:01:01,1.149106179210564,0.0,0.0,1.1964293051127404,0.11811748952776646,-0.4043880502354064,2.2615052271944043,0.8411910191670546,0.17574979163072,5.337710961607843,10.527203121385579
31738.0,A*02:01:01:01,0.0,0.0573846837809523,-0.2524168130688393,2.0077772577051936,3.2686016868174197,-1.9104814089198452,-0.0072142203529122016,1.4154459380487723,0.0,4.57909712401074,1.131579280289482
32150.0,A*02:01:01:01,0.0,0.0,0.0,-0.5222519108408888,-0.781409385050087,0.0,0.0,1.4997185975913,0.6065327077231742,0.8025900094234987,1.6946409033943164
32120.0,A*02:01:01:01,0.0615322916886448,0.0,0.0,2.1680207719746747,0.16401693901982217,-0.41441347250470184,-0.2898933414270005,-0.07299415967947559,0.0,1.6162690290719637,0.6057850737986403
31910.0,A*02:01:01:01,0.07327391887427415,0.0,0.6611947477452675,0.26786714677659496,0.0,0.3335561385886966,-0.18062657080210892,0.5841484190080095,0.0,1.739413800190734,-2.974892417673577
33079.0,A*02:01:01:01,0.0,0.0,0.0,2.9499980802919525,2.374961352809904,0.512070840349645,-0.0265503372804872,1.2293276486614089,0.0,7.039807584832423,3.7135632606407007
34504.0,A*02:01:01:01,0.0,0.0,0.0,-0.08524638131579387,0.639110216015631,0.354674974601787,2.0033087744154274,1.1308243117500973,0.0,4.042671895467149,2.6083991267365674
32843.0,A*02:01:01:01,0.0,0.0,0.0,-0.8436382967576534,0.0,1.7571960750173172,-1.0780655345923713,1.0211391936797314,0.0,0.8566314373470238,4.384587650760009
32866.0,A*02:01:01:01,1.149106179210564,0.0,0.9136115608141068,0.932350509153315,-0.4616968211716589,0.1537902286806929,0.11829181170078984,2.5067700102693076,0.0,5.312223478657117,2.840106157937453
32000.0,A*02:01:01:01,0.0,0.0,0.0,0.8293744663675713,0.917477719578626,-0.4886263061009312,0.9155074018515332,0.5749936601944383,0.0,2.7487269418912375,-0.08798395519110966
32450.0,A*02:01:01:01,-0.5363047090669756,0.3938569204021653,-0.2284586246005888,1.320929041548726,1.0058943590228648,0.6671122771773932,0.1820924490227264,0.4903709320701692,0.0,3.2954926455764806,-0.47609678156466045
32956.0,A*02:01:01:01,0.0,0.0,0.0,2.514633158557394,0.1798401659425693,1.3501856550911842,-0.5380356393302785,-0.3337754359993248,0.0,3.1728479042615447,-4.5171315074281635
644.0,A*02:01:01:01,-0.07625781509668972,0.0,-0.0532314502228797,0.2176470960699329,-0.5071150443694551,-0.19535919820811698,-0.2853469286977033,0.0,0.0,-0.8996633405249119,3.3084800065379207
32023.0,A*02:01:01:01,0.0,0.0,0.0,-0.30460481477095597,1.8132771411980757,-0.21168150912267925,-0.487034206185627,0.1319961969271919,0.2849490835957119,1.2269018916417176,1.552590276871039
33250.0,A*02:01:01:01,0.14922873122814317,0.3938569204021653,0.206279745262205,1.3375794884028485,0.3964179854184786,0.36333859817486147,0.3587276302564744,0.9702242929773688,0.0,4.175653392122545,4.555367575825921
31863.0,A*02:01:01:01,0.0,-0.2641989403465099,-0.0747356358313867,2.1470022873157757,-0.1498417601467366,-0.6231835156846187,-0.0180251364571277,1.4154459380487723,0.0,2.4324632368981685,2.6169316125519533
32530.0,A*02:01:01:01,-1.0726094181339512,0.0,0.0,2.246251429611418,0.8851137476763667,0.5240157365312168,1.2135188797546268,2.1116294399884947,0.0,5.907919815428173,-2.8235490919366337
31790.0,A*02:01:01:01,0.0,0.0,0.0,0.13846768799468817,-0.6077367029051796,-0.0614661106705628,-0.848271644894204,2.6955916724185296,0.0,1.3165849019432714,-1.274743290949894
32723.0,A*02:01:01:01,0.0,0.0,0.0,1.7966560640898759,-1.4224675626281733,0.5410270823577534,1.4132890798835276,1.7166622593518008,0.0,4.045166923054785,-1.174010986766917
32942.0,A*02:01:01:01,0.0,0.0,0.0,-0.021621970751960484,0.9236612153522835,0.9684926108184451,-0.0242646219996312,1.6467918099234904,0.0,3.493059043342627,2.912801048242595
32852.0,A*02:01:01:01,0.0,0.0,0.0,1.2162197316553094,0.06114337340176057,-0.11873381820650364,-0.4195184790844579,0.5075209530142873,-0.5974400966027618,0.6491916641776341,4.914286371227636
22625.0,A*02:01:01:01,0.3988005848106698,0.0,0.0,-0.7283920298626761,-1.4071844657898869,1.0142854242444304,1.3903430196122009,0.8545468103486102,0.17574979163072,1.6981491349940683,5.238149628987538
34505.0,A*02:01:01:01,0.6493189565907639,0.0,-0.3045458785037858,0.5982146525563702,-1.958044066116684,-0.1593256853388886,3.562002318021825,0.8348409336527753,0.6065327077231742,3.8289939385855503,1.5436290689806238
21447.0,A*02:01:01:01,-0.47477241737833076,0.3938569204021653,0.206279745262205,1.7889010822065146,0.43033714938668166,0.98514051123219,-0.6487061062847704,1.9781221721373008,0.0,4.659159056963956,-0.9682306097970649
32038.0,A*02:01:01:01,0.0,0.4628497918891168,-0.3045458785037858,1.2123666621547626,-0.744793037692083,0.4581985837959731,0.3587276302564744,0.5331416438908401,0.0,1.9759453957912982,-0.6365819377465749
32729.0,A*02:01:01:01,0.0,0.0,0.0,2.7164527044488613,0.6803656320354968,-0.4672863637359455,0.6696787104361668,0.35073269822549746,0.6065327077231742,4.556476089133251,4.764255149755829
32314.0,A*02:01:01:01,0.0,0.0,0.0,0.6303451790641865,-0.5090496792667727,0.8575718751199134,-0.0408646284269502,2.4758053182669357,0.0,3.413808064757313,1.9042779087537887
786.0,A*02:01:01:01,-0.07625781509668972,0.0,-0.0532314502228797,0.2176470960699329,-0.0007437709528444,0.703452490157799,0.09358984741083594,0.0,0.0,0.884456397366154,6.025221500285835
32520.0,A*02:01:01:01,0.0,0.0,0.582757316497117,-0.005987357169986968,-0.5540481977916742,1.025431927366192,-0.7382925750388625,0.669046672113595,0.17574979163072,1.1546575776071004,-1.492507017197355
32888.0,A*02:01:01:01,-0.5363047090669756,0.0,0.0,1.0124049463018658,0.7128078417827534,1.4991045419198958,-0.26636284401680643,3.9017929522520065,0.0,6.323442729172739,-2.223835565364609
33135.0,A*02:01:01:01,0.0,0.5581599716934417,0.354584416777905,1.9300290245057539,0.87088395603363,0.5667727389599566,0.7489252662338505,0.17413650365350375,0.0,5.203491877858042,1.1133426932817785
31776.0,A*02:01:01:01,0.0,0.0,-0.0168638060520049,-0.36145836121842745,0.4831932203792516,0.2970177028801573,-0.6048172418420106,-0.5769069114573118,0.0,-0.7798353973103458,2.1922112792043693
31701.0,A*02:01:01:01,-1.1123497467834653,0.0,0.22497998777045158,-0.5393461356264024,0.1124894501757476,0.8406978241668536,-1.152850976620317,-0.07206088849647702,0.0,-1.6984404854136088,-2.4876441203242834
31927.0,A*02:01:01:01,0.0,0.0,0.0,-1.0831260721595002,0.8436918604893741,0.1498590721507789,0.7246606442342193,-0.8652391592543556,0.0,-0.23015365453948355,-0.02039305723087094
33333.0,A*02:01:01:01,0.0,0.0,0.0,-0.22689404019905698,0.3317243587687351,0.05277207901928101,-0.8509068534275467,-0.15624597024433234,0.17574979163072,-0.6738006344521998,-0.5374039830080811
31839.0,A*02:01:01:01,1.149106179210564,0.0,0.9136115608141068,0.7007827019407287,2.404309220343304,0.7545172024479609,-0.8051313187751463,0.9280480632603214,0.0,6.04524360924184,2.0316038342116793
31595.0,A*02:01:01:01,0.0,0.0,0.0,0.56191648372391,-0.6170683323675872,0.3849059140418958,-0.2474081733138409,-0.4667543047605233,0.4214781620731504,0.0370697493970048,2.3450030194159166
31936.0,A*02:01:01:01,0.0,0.0,0.0,1.114588215695831,0.0,2.395413012376408,0.23827023792060897,0.48562095732336935,0.0,4.233892423316218,2.8639910780586835
5867.0,A*02:01:01:01,0.0,0.0,0.0,0.18639340119845516,0.0,1.084439345419599,0.32821689175989044,2.1448064298832286,0.0,3.7438560682611732,1.3318127999821694
32333.0,A*02:01:01:01,0.4330958481211279,0.0,0.0,2.0944507857186063,0.6862922507051368,0.371804681355138,0.0,-1.0562230558456271,0.0,2.529420510054382,0.6077523964973435
33074.0,A*02:01:01:01,0.0,0.0,0.0,1.7331386686480414,1.634716664998237,0.9432648415935887,0.2023656814539967,-0.40490232163428946,0.0,4.108583535059574,1.8927960686604068
32230.0,A*02:01:01:01,0.5151066711533135,-0.0296266932086773,0.9136115608141068,-0.5883667511324999,1.9261061958340489,0.30282308325341517,-0.37703331097129833,1.9046209192255898,0.0,4.567241674967999,-0.2582217958727907
32364.0,A*02:01:01:01,0.0,0.3938569204021653,0.206279745262205,-1.1602090752624146,-0.5254156861121305,0.0835051343545624,0.7489252662338505,1.1934141155872526,0.0,0.9403564204654907,5.947270581489595
32944.0,A*02:01:01:01,0.0,0.0,0.0,1.2355017959231307,1.4269512201247696,-1.3245532481175513,0.0910462245113632,1.7166622593518008,0.0,3.145608251793513,-2.5660542520036675
32721.0,A*02:01:01:01,0.0,0.0,0.0,-0.36370222547238584,-0.201243317071449,0.2329388461956349,0.299220820995291,1.7234928104941405,0.0,1.6907069351412316,2.943245085566181
32250.0,A*02:01:01:01,0.0,0.0,0.0,2.112077537372849,-0.0469331534222191,0.892907694417811,-0.0372603514177894,1.3449177424187795,0.0,4.2657094693694315,-0.38857680498612424
32237.0,A*02:01:01:01,0.7921861672642331,-0.29929026015778,0.582757316497117,0.6059848509860983,1.1215242651073307,1.496438906535722,0.0887605092305072,1.3449177424187795,0.0,5.733279497882007,0.29589498059604646
32226.0,A*02:01:01:01,0.6426544332932692,0.0,-0.0532314502228797,0.2176470960699329,-0.0007437709528444,0.8490948962007667,-0.4775644884487958,0.0,0.0,1.177856715939449,4.308948796028969
31973.0,A*02:01:01:01,0.0,0.0,0.0,1.6595765317653084,0.9677047101433223,-0.3243330598698039,-1.5543819385543607,-0.16624456426327233,0.1365290784774385,0.7188507576986323,3.953052964426312
31991.0,A*02:01:01:01,-0.1383001807571178,0.0,-0.4516021759147987,1.9929894582101575,0.3806327177161803,0.9404083367648401,-0.2888841608110041,0.6668958280947627,0.0,3.1021398233030206,2.0399581007575094
31968.0,A*02:01:01:01,0.0,0.0,1.0909037692030592,-0.49794831114766835,0.9130655700699252,2.6620818107148163,-0.4949719348978298,-2.253208473302014,0.0086957069675539,1.4286181376078428,0.6431891276847088
32148.0,A*02:01:01:01,0.0,0.0,0.0,1.572049752440928,1.2826536505352428,0.2956796542981982,-0.1296251376574574,-1.3835174665291243,0.0,1.6372404530877873,3.928006080101488
32035.0,A*02:01:01:01,0.0,0.0573846837809523,0.0521290654349465,0.025245138539170115,-0.0007437709528444,0.05277207901928101,-1.1153819454378315,-0.4304356236394543,0.0,-1.3590303732557802,0.05864573272721142
32189.0,A*02:01:01:01,0.6493189565907639,0.4628497918891168,-0.2524168130688393,-0.3460754738181431,0.25550933461268277,-0.5190352753173518,-0.535090245765622,-1.1248636411332924,0.0,-1.409803366010685,1.3063582726562708
32366.0,A*02:01:01:01,0.0,0.0,0.582757316497117,-1.0695055349979758,-0.8437076691970046,0.3509683416835834,0.3321772929759872,2.836418286300133,0.0,2.1891080332618404,0.16362439692267028
32642.0,A*02:01:01:01,0.0,0.0,0.0,-1.0137385886443488,0.6041696378794276,1.5416954981238433,-0.17531661950544325,1.1729594238914314,0.0,2.12976935174491,1.8594873869241921
33085.0,A*02:01:01:01,0.0,0.0,0.0,-0.37649981139421856,0.35166980222286404,0.21482232038219296,-0.1988471169156373,0.6059610258275399,-0.5974400966027618,-0.0003338764800208116,3.157656113657827
31987.0,A*02:01:01:01,-0.8684958983008659,0.0,-0.130192491359008,-0.1761764370227458,-0.2002577282871719,0.5487116657279896,2.7683501496876937,0.0,0.0,1.9419392604458916,1.696706856312741
32840.0,A*02:01:01:01,-0.14294918959536185,0.0,0.9136115608141068,2.346575845973153,2.8332531111383172,0.41105269068823314,0.3437210782958556,0.8604852935780523,0.0,7.565750390892356,-1.6122215778599127
1012.0,A*02:01:01:01,0.0,0.0,0.0,-1.6596471511305535,0.9571619542083856,0.5717012851611056,1.2301188861819459,0.9506058051529216,0.0,2.049940779573805,2.2748824385991098
21441.0,A*02:01:01:01,1.0109558407297468,0.0,-0.1272536701148333,2.0435760447572076,0.98722294811778,-0.6642395236335091,0.0,2.3955863333993825,0.0,5.6458479732557745,-3.0672713977934327
31773.0,A*02:01:01:01,0.0,0.0,0.0,0.22715033047164007,0.0,1.8657772681221578,0.2379232203477067,-0.22640952162665845,0.0,2.104441297314846,0.4914155657096142
31704.0,A*02:01:01:01,0.0,0.0,0.0,0.5602211402493105,0.3388066739406955,0.0835051343545624,-0.3574090685281696,-0.2601094400725004,0.213490119613567,0.5785045595574654,-0.25985539775088273
31753.0,A*02:01:01:01,-1.1123497467834653,0.0,-0.39057747407702403,-0.6850790168009989,0.0,-0.0320077527672819,-0.5520251243466674,0.5841484190080095,0.0,-2.187890695767428,0.6036446162121883
32771.0,A*02:01:01:01,0.0,0.0,0.0,0.20899075029290015,0.0,0.17273303365855833,1.2425414061805031,0.30540245072619354,0.0,1.9296676408581552,1.4473514519465824
32824.0,A*02:01:01:01,0.0,0.0,0.0,1.1782262193482498,0.7119072150672782,0.3335561385886966,0.0910462245113632,0.20564421187884652,0.0,2.5203800093944344,5.244836439373083
31898.0,A*02:01:01:01,0.0,0.0,0.0,2.038988517926597,0.0,1.0883584041996945,1.778293814989219,-0.7167804536968276,0.0,4.188860283418682,-0.005136039260318803
30994.0,A*02:01:01:01,0.0,-0.0296266932086773,0.9136115608141068,-0.8730985947095913,0.1798401659425693,0.1279568969253963,-0.5422248197483754,-1.9488135705579244,0.0,-2.172355054542496,-3.4580828522380442
31784.0,A*02:01:01:01,-0.1383001807571178,-0.540452316974668,-0.0168638060520049,-0.9326377829820911,0.016738929870247277,1.044874762264072,-0.7422245199415227,-1.5096485440039182,0.0,-2.8185134585770033,-2.7684252144966752
31802.0,A*02:01:01:01,0.0,0.0,0.0,1.9549025914467033,0.9051163608374295,-0.2143293095612364,0.7489252662338505,-0.1969364049150576,0.0,3.197678504041689,3.7911869691334337
32118.0,A*02:01:01:01,0.0,0.0,0.0,0.3653453308568282,-0.21086452658247426,1.700963749525962,-1.4451534357667173,-0.7742517699498812,-0.5974400966027618,-0.9614007485190443,5.65339260154249
21408.0,A*02:01:01:01,0.4746511316627712,0.2805282350951621,-0.3045458785037858,1.79792057432798,-1.8050043425479902,0.3335561385886966,-0.3574090685281696,0.2303488808690567,0.5954226115260675,1.2454682824897882,-3.9766984361918896
32769.0,A*02:01:01:01,0.0,0.0573846837809523,0.0,0.51407506999298,-0.1475548119579436,0.2956796542981982,0.39151619770568086,0.0,0.0,1.1111007938198678,4.7994471252301505
1009.0,A*02:01:01:01,0.0,0.0,0.0,-0.7669218251309777,-0.31095136163175957,0.5841153576064252,0.6909359115847258,0.9078350933322508,0.0,1.1050131757606643,3.928685911825752
31889.0,A*02:01:01:01,0.0,0.0,0.0,1.3631485578422615,1.0122899701391697,0.3597585109827206,-0.535090245765622,1.718187509807576,0.0,3.9182943030061055,6.67090171678283
31879.0,A*02:01:01:01,0.3988005848106698,0.0,-0.1233267064977643,1.9071545321721677,-0.1939462080181606,-0.440868632418633,0.4582990555911971,1.7166622593518008,0.0,3.7227748849912774,3.52167254140153
32103.0,A*02:01:01:01,0.0,0.0,0.0,2.0033519418034094,0.9130655700699253,0.7053608199438346,-1.4659733037696756,-0.6648369839640142,0.2849490835957119,1.7759171276791914,0.9551808153492052
31916.0,A*02:01:01:01,0.0,0.0,0.0,-1.1790314472299597,1.8566232906259479,0.417061272943259,0.0910462245113632,0.2304362697404444,0.0,1.4161356105910547,-0.9063730699423295
31982.0,A*02:01:01:01,-0.5760450377164897,-0.540452316974668,0.0352652593829416,-0.31891352806033646,0.8260541930802956,-1.0096179615067467,0.7489252662338505,0.2841031997262272,0.0,-0.5506809258349259,12.875815395319028
32348.0,A*02:01:01:01,0.0,0.0,0.0,0.09070841513439548,-0.4746100460872967,-0.0640155055345638,1.129234300469253,-0.4467543379378876,0.0,0.2345628260439005,0.5731625784034989
32614.0,A*02:01:01:01,0.0,0.0,0.0,-0.3256772289544548,-0.2312820889270768,0.6462471387134314,0.3409980207246769,0.322932919744392,0.0,0.7532187613009688,-5.719913048335842
33052.0,A*02:01:01:01,1.0109558407297468,0.0,-0.6090917570075716,-0.23838976103410248,-0.20100149924001628,1.2554810378172996,0.0,1.155105513895667,0.0,2.3730593751610227,1.46594063619106
32918.0,A*02:01:01:01,0.0,0.0,-0.0168638060520049,-0.060496433042425246,1.8143118676888474,0.7126566722573344,-0.2474081733138409,-0.5318469960425065,0.0,1.6703531314954048,1.5322336872496645
32940.0,A*02:01:01:01,0.0615322916886448,0.0573846837809523,-0.3533360426732178,-0.3097078296472684,2.499807279329974,-0.07670064316992631,-0.37703331097129833,0.6752932705641811,0.0,2.1772396989020413,1.2775741093559856
20942.0,A*02:01:01:01,-1.1123497467834653,0.4628497918891168,0.04709971702994448,1.5307153493699313,1.3434868024610938,1.0764628181066693,-0.7954419080921474,2.526116653039355,0.0,5.078939477020498,-1.598206356676675
32403.0,A*02:01:01:01,0.0,0.0,0.0,0.6196653298698019,0.2984014868926107,0.3290254556474392,-0.6235928473775124,0.322932919744392,0.0,0.9464323447767314,-0.971602037991399
34546.0,A*02:01:01:01,0.5151066711533135,-0.0296266932086773,0.7834190694550988,-1.3049156401093294,-0.4490578702600573,0.0,-0.2898933414270005,-0.5634524806210325,0.6152284146907282,-0.7231918703269565,-0.8867926694958339
32151.0,A*02:01:01:01,-0.5760450377164897,0.4628497918891168,0.9896988147173038,0.13487694798147992,-0.39610460455841956,0.21146203127995872,-1.2681618231313114,0.3949064193694813,0.1365290784774385,0.0900116183085582,2.9736210809243584
29738.0,A*02:01:01:01,0.0,0.0,0.0,2.7397637833173087,0.87088395603363,0.6010120369303052,1.8240007653416233,-0.5769069114573118,0.2849490835957119,5.743702713761268,0.7787304711394488
991.0,A*02:01:01:01,-0.7109725339949683,0.2805282350951621,0.04709971702994448,1.487730838929543,0.04898974442245119,0.3335561385886966,0.8399714907452137,1.2887912394165528,-0.45221531115776936,3.163479559074826,-1.1751550574921756
32569.0,A*02:01:01:01,-0.1009866378091302,-0.29929026015778,0.582757316497117,-0.6381469952132718,0.0,-0.13554114319285948,0.0315661493253491,0.0450599154148052,0.0,-0.5145816551357701,0.3697640809189794
32470.0,A*02:01:01:01,0.0,0.0,0.0,0.7029898824148055,0.0,0.02290409298089925,-0.6433961549881047,1.1153388427675877,0.0,1.1978366631751878,2.507702267397818
31822.0,A*02:01:01:01,-0.1746678249279927,0.0,0.0,-0.8054775642411909,-1.8254461422945252,-0.41441347250470184,0.030255375683379715,-0.4905457098129448,0.0,-3.6802953380979755,3.0634341304345067
21385.0,A*02:01:01:01,0.4746511316627712,0.2805282350951621,-0.35777732872666546,0.8053643163213406,0.26387168988050164,0.1683617217265915,-0.37703331097129833,1.6695232407058036,0.5774041060233892,3.5048938017175963,-2.012682166294056
32176.0,A*02:01:01:01,0.6493189565907639,0.0,-0.3045458785037858,1.7946439576691104,-0.14775682554878597,0.7915554558978228,1.167455513289451,1.3167468654520829,0.0,5.267418044846659,7.361822234542932
32408.0,A*02:01:01:01,0.0,0.0,0.0,0.5982146525563702,-0.20100149924001628,-0.8770935683042821,1.501791681495418,0.834928322524163,0.0,1.8568395890316527,-2.8140974290048755
32228.0,A*02:01:01:01,0.0,0.0,0.0,1.4848117007653863,0.8685020773474581,-0.2463370623285183,0.9780277588328675,0.7255135365382961,0.0,3.81051801115549,1.2179479198881893
32251.0,A*02:01:01:01,0.4330958481211279,0.0,0.0,0.9491073865335551,0.1798401659425693,0.2062382060170899,0.0,1.0379339531452918,0.0,2.806215559759634,6.976687962406419
32257.0,A*02:01:01:01,0.0,0.0,0.07608725390319698,-0.33272614275550727,0.0,-0.0307330553352814,-0.2631475944901126,0.5841484190080095,0.0,0.0336288803303052,-0.15368957351651813
32196.0,A*02:01:01:01,-0.02771271893485605,0.0,-0.130192491359008,-0.1761764370227458,-0.0007437709528444,0.19964746060242017,-0.3448049986028556,0.0,0.0,-0.4799829562698896,2.284328572433555
31712.0,A*02:01:01:01,0.0,0.0,0.0,-1.6246231827252693,-0.437635941251649,0.6933146495714172,0.35671543662008615,-0.07206088849647702,0.0,-1.084289926281892,-2.3696486015200655
32207.0,A*02:01:01:01,0.0615322916886448,0.0,0.0,1.177542925847117,-0.1100232722690836,-0.41441347250470184,-0.2898933414270005,1.719698580731578,0.0,2.144443712066554,1.2040230498406208
32234.0,A*02:01:01:01,1.149106179210564,0.0,0.9136115608141068,1.676541502553355,0.09287697138045006,0.7874436507323153,-0.8947105832690111,-0.4674044801057861,0.213490119613567,3.470954920929562,-1.9822917212673548
30984.0,A*02:01:01:01,0.0,0.0,0.0,-0.5366018698463254,0.1888705654078091,-0.2488992406971032,0.2967753659250712,0.34557234766618783,-0.5974400966027618,-0.5517229281471223,3.707162350514446
31841.0,A*02:01:01:01,0.0,0.0,0.0,1.7524620157999649,-0.39144846347788786,0.200432825643832,2.2105124581206064,0.8251358066307178,0.0957070839571835,4.692801726674417,4.35797094035185
31844.0,A*02:01:01:01,-0.33219118923389035,0.0573846837809523,-0.2524168130688393,-0.4356631420606669,0.15283318449385797,-0.7045405339495493,0.0995714253347227,0.0,0.0,-1.4150223847034131,-0.7977715842727083
32964.0,A*02:01:01:01,0.0,0.0,0.0,2.3488969306914114,0.0,0.25269880467269135,1.6838841305181445,0.4903709320701692,0.0,4.775850797952416,-2.6484881193549397
519.0,A*02:01:01:01,0.0,0.0,0.0,-0.5403724519540839,-0.3268532205385108,0.4431261800435931,1.3510830594527232,0.4174641612620815,0.0,1.3444477282658032,2.8558049274693165
31894.0,A*02:01:01:01,0.0,0.0,0.582757316497117,2.3668218669147048,-0.8437076691970046,0.5863631799919179,0.0,0.346113752369203,0.0,3.0383484465759376,2.5965606698471637
31855.0,A*02:01:01:01,-1.0726094181339512,0.0,0.0,1.5006069082102373,0.7388444640332696,0.3015483858214147,1.4567491896355738,1.4737135779105648,0.0,4.398853107477109,-2.8095564973991527
172.0,A*02:01:01:01,0.0,-0.2641989403465099,-0.5855612595973775,2.6990708696158157,1.5889772066720989,-1.1037253917693721,0.7331858450575788,1.4154459380487723,0.0,4.483194267681006,5.856138861828105
1967.0,A*02:01:01:01,0.0,0.0,0.582757316497117,1.4502383692803413,0.1594226035979667,0.5090612892705051,0.1820924490227264,2.6275336740638284,0.0,5.511105701732485,-2.9760858763152074
18798.0,A*02:01:01:01,0.3980045283098578,0.0,0.0,0.06105546677505702,-1.0701587163249051,0.9521115706863419,0.7103463530877563,2.3723290155105112,0.0,3.423688218044619,8.711009989274048
32140.0,A*02:01:01:01,-0.14294918959536185,0.0,0.9136115608141068,0.9519132351827461,-0.8405063337379453,0.9376339293434764,-0.4749311840143837,-0.15418981786771552,0.0,1.190582200124923,0.30080000010511837
21375.0,A*02:01:01:01,0.2012942340638034,0.0,-0.3045458785037858,1.6322415696101964,0.1790963949897249,-1.0788779492435379,-0.579786682854001,-0.18994588869017454,0.0,-0.14052420062777465,2.076860537524082
1525.0,A*02:01:01:01,0.5613195143084448,0.0573846837809523,-0.3045458785037858,-0.5900199518491799,2.0054296298963026,0.27338609834688055,-0.9047938133183345,-0.9372126588794445,0.0,0.16094762378183525,-0.051488343781710466
32767.0,A*02:01:01:01,-0.10320886094584769,0.5581599716934417,0.3835719536511575,1.6187891662192542,-0.1013654294885689,1.4439963534211748,-0.002285715280856,3.2053442677710846,0.0,7.0030017070408395,-3.684981402078825
32813.0,A*02:01:01:01,-1.0726094181339512,0.0,0.0,1.4718603400323018,2.253922131929577,0.11922682902746021,0.21088962690357194,0.6752058816927933,0.0,3.658495391451753,-4.214255550711323
33094.0,A*02:01:01:01,0.0,0.0,0.0,-0.23107485937590844,2.2499519557395584,0.39683509883308676,1.501791681495418,0.322932919744392,0.0,4.240436796436548,1.8716893998090038
32859.0,A*02:01:01:01,0.0,0.0,-0.3045458785037858,2.1117729214996923,1.1859931344992631,0.664931938516143,-0.5520251243466674,-0.33209751536351506,0.0,2.77402947630113,-0.48604184886832735
21440.0,A*02:01:01:01,0.0,0.0,0.0,-0.00924694412912408,0.3047772319005374,0.3562929791584149,-0.8887738478843666,-0.07299415967947537,0.0,-0.3099447406340137,2.2695179065979074
31705.0,A*02:01:01:01,-1.1123497467834653,0.4628497918891168,0.04709971702994448,1.513223546427399,0.6083251745895691,-0.0591431787732717,0.1820924490227264,3.5908273900317838,0.0,5.232925143433802,-2.528169671157231
31754.0,A*02:01:01:01,0.0,0.3938569204021653,0.206279745262205,0.06377877077295213,-1.1242688793267857,0.4581985837959731,-0.1296251376574574,0.8093950205189981,0.0,0.6776150237680506,1.3601724968160456
31816.0,A*02:01:01:01,0.0,0.0,0.0,-0.565348438024261,0.6614702851098153,0.5972280401196128,-0.0408646284269502,3.0647037120217453,0.0,3.7171889707999624,6.969661044008236
32528.0,A*02:01:01:01,-1.1520900754329795,0.0,0.1772922083889525,1.513330999079489,2.155185386548274,1.0004243667740924,-1.5054331917274508,0.7988920250219547,0.0,2.987601718652333,1.5018801522397769
32789.0,A*02:01:01:01,0.0,0.0,0.0,0.1966870471365187,-0.25110321568330707,1.738189411835489,-0.5137710173306473,1.084359989356844,0.0,2.2543622153148974,0.35328495475624583
32765.0,A*02:01:01:01,0.0,0.0,0.0,2.463898525681351,3.561698258262011,0.8107550678025977,-0.0265503372804872,1.0573230588383866,0.2849490835957119,8.15207365689957,-0.6703878855470791
32950.0,A*02:01:01:01,0.0,0.0,0.0,1.302808500435531,0.8868508564995794,0.8516355611933675,-0.26864855929766246,0.011911664282529322,0.0,2.7845580231133447,-3.4810165126993615
31835.0,A*02:01:01:01,0.0,0.0573846837809523,0.0521290654349465,-0.4231610081966578,-0.3891773948986309,-0.1273179325716067,-0.3574090685281696,0.4153586082344563,0.249857763784442,-0.522335282960268,0.4868239204216491
1086.0,A*02:01:01:01,0.0,0.0,0.206279745262205,0.2458617785108786,-0.7175336756616222,0.6016959817104996,-1.1657989414436156,0.4903709320701692,0.8059215722771829,0.4667973927256975,2.0985836575697965
31779.0,A*02:01:01:01,0.0,0.0,0.0,1.372274140443219,-0.6188723970961133,-0.2463370623285183,1.107652896490325,0.565420610997803,0.6065327077231742,2.78667089622989,-3.954111466629096
32688.0,A*02:01:01:01,0.0,0.0,0.1772922083889525,1.2249656331265755,-0.174417328362937,1.057355425149351,-0.2474081733138409,0.9574153149486271,0.0,2.9952030799367284,3.858009179099724
32062.0,A*02:01:01:01,0.0,-0.0296266932086773,0.7375677265298415,1.5104466388567717,0.5559811498773128,-0.0614661106705628,-0.6244414842851392,1.85169477765877,0.17566581094622802,4.115821815704545,2.1188836519989622
32790.0,A*02:01:01:01,0.5483323187816337,-0.29929026015778,-0.130192491359008,0.6491885460052645,0.1790963949897249,1.2497615152636952,0.0910462245113632,1.5332651713135639,0.0,3.8212074193484575,3.200285583664522
30985.0,A*02:01:01:01,0.0,0.0,0.0,-0.07136712212899576,0.0,0.3850535201759771,0.0013185617283048012,0.1156774826287586,0.0,0.43068244240404474,0.3725237367785982
33314.0,A*02:01:01:01,0.6493189565907639,0.4628497918891168,0.582757316497117,0.7457936438379695,1.946184153718426,0.3335561385886966,0.0,-1.2071513857669969,0.0086957069675539,3.522004322322647,-0.5880217952862087
31833.0,A*02:01:01:01,-1.0726094181339512,0.0,-0.6090917570075716,0.05784220060228634,-0.20100149924001628,0.2518668560811539,1.014757475309791,-0.17050096130972953,0.0,-0.7287371036980372,0.5079843061686392
32679.0,A*02:01:01:01,-1.0726094181339512,0.0,0.0,1.312587330301645,1.3207394551585385,0.08135034473696182,0.4386735577742842,1.767666531638124,0.0,3.8484078014756022,-1.0954033481561152
32071.0,A*02:01:01:01,0.0,0.0,0.0,1.7921286266973808,-0.1006216585357245,0.2935521710558516,-0.6841224511495139,1.162596185624825,0.0,2.4635328736928193,-2.1088935126470987
32115.0,A*02:01:01:01,0.0,0.4628497918891168,-0.3045458785037858,1.0489994362679302,-0.14850059650163028,-0.1273179325716067,-0.3574090685281696,-0.822366482896371,0.0,-0.24829073084451658,3.4319903896707444
31724.0,A*02:01:01:01,0.0615322916886448,0.0,0.0,1.3364712685556106,3.0957171826557075,0.21146203127995872,-1.3735223387891375,-0.40490232163428946,0.0,2.926758113756495,2.211506723378324
32117.0,A*02:01:01:01,0.4997872226198,0.197146626156111,-0.0532314502228797,0.904451728777363,-0.247190881709391,0.8999358098033202,-0.49160563674733904,0.9693929863316841,0.0,2.6786864050086683,-0.9249907835177618
31946.0,A*02:01:01:01,0.0,0.0,0.0,2.8030806861298454,5.354576943856568,0.8752221853002395,0.5910389268922761,2.4227417642486615,0.0,12.04666050642759,3.131412361274477
25739.0,A*02:01:01:01,0.0,0.0,0.0,1.207468957519197,0.0,0.8024814006301457,0.3672528310798339,0.6998259016367683,0.0,3.0770290908659454,2.958443230905194
30095.0,A*02:01:01:01,0.0,0.4628497918891168,0.07608725390319698,0.7515173348167722,0.5594073816735453,-2.255180161811862,-0.0072142203529122016,1.4154459380487723,0.0,1.0029133181666297,-1.2054468582611566
31985.0,A*02:01:01:01,0.0,0.0,0.0,2.7169900506090867,0.1798401659425693,0.11922682902746021,0.8157068687455825,0.3080493752762145,0.0,4.139813289600913,-0.030099696121108466
34330.0,A*02:01:01:01,0.0,0.0,0.0,3.002439433426043,1.3734423714877666,0.3126910001247348,-0.0242646219996312,0.08546861043587983,0.0,4.749776793474794,6.448964643312233
31955.0,A*02:01:01:01,0.0,0.0,0.0,1.392396168678055,-0.0665313855076606,0.08849377369217878,0.5925633174313728,1.8378894561890058,0.0,3.8448113304829517,-0.7005488442538064
32060.0,A*02:01:01:01,0.0,0.0573846837809523,0.0,-0.12842837774821017,-0.5540481977916742,0.2956796542981982,-0.3724143651150042,0.0,0.0,-0.701826602575738,5.4484107308708785
32034.0,A*02:01:01:01,0.6493189565907639,0.4628497918891168,0.582757316497117,3.212510305656953,1.1531007108664126,0.6453973551762776,0.0887605092305072,1.1308001869767683,-0.037824308667339,7.887670824216578,-1.631817044638709
32043.0,A*02:01:01:01,0.0,0.0,0.0,1.6834810398667028,1.6149281671604532,-0.2143293095612364,0.7489252662338505,-0.1969364049150576,0.0,3.6360687587847123,6.014548567319053
32064.0,A*02:01:01:01,-1.0726094181339512,0.0,0.0,1.8744297745962466,0.24870571534762112,0.2185514662504467,0.4448462999991896,0.11559009375737067,0.0,1.8295139318169233,-4.180763610556305
32892.0,A*02:01:01:01,0.0,0.0,0.0,1.4947090890599042,1.612634037310606,0.9222896961582254,-1.0428500814059884,0.34447000158260616,0.0,3.331252742705354,2.303778184180619
31749.0,A*02:01:01:01,0.0,0.0,0.0,1.804361669807913,0.0,1.2273560594577353,-1.0671147034056196,1.378249065209877,0.0,3.3428520910699056,2.0702266242700462
32979.0,A*02:01:01:01,0.0,0.0,0.0,-0.6412933198804609,5.3589736112808035,-0.3445145204141208,0.25789448036373763,-0.09750312170333775,0.0,4.5335571296466215,-2.432570357955249
32982.0,A*02:01:01:01,0.3980045283098578,-0.540452316974668,-0.0168638060520049,1.1255940687207344,0.0,0.3484517333174792,0.11131945694263351,0.6752932705641811,0.0,2.101346934828213,0.06739995075626581
32275.0,A*02:01:01:01,-0.5363047090669756,0.0,0.9663292701482744,-0.9659120971264737,0.0,-0.7479696110933984,1.1293773163804137,0.8093950205189981,0.0,0.6549151897608385,1.1461481245491063
32849.0,A*02:01:01:01,0.965754932948593,0.0,-0.3045458785037858,-0.10021369530726443,0.0784747364540004,-1.3239403141400556,-0.16931581444535454,-0.25540310534481797,0.0,-1.109189138338685,-0.5435350699654339
32218.0,A*02:01:01:01,0.0,0.0,0.0,2.0360694179657597,1.3061620968286205,0.11922682902746021,0.8399714907452137,0.2469668798792682,0.6065327077231742,5.154929422169497,-2.6817802367076427
31757.0,A*02:01:01:01,0.0,0.0,0.0,-0.26413705550697236,0.0,-0.004924348079087704,0.4629381797739153,1.4413010790822505,0.0,1.6351778552701057,5.610115069843275
30995.0,A*02:01:01:01,0.0,0.0,0.0,1.125784866214159,1.3673208423475212,1.286046624141109,0.2391528284525184,-0.3012163213030286,0.0,3.717088839852279,4.710494542946307
33040.0,A*02:01:01:01,0.0,0.0,-0.130192491359008,2.0332971113487046,1.0058943590228648,0.2725921438133064,0.4255092327682064,1.722768120267483,0.0,5.3298684758615575,3.9799442410809545
25965.0,A*02:01:01:01,0.0,0.3938569204021653,0.3956956844724051,0.07827983519525622,0.9289399251407741,0.16098161442896888,0.8129918383259382,0.4161899148801412,-0.029128601699785095,3.1578071311458635,4.242128115581896
32227.0,A*02:01:01:01,1.0911517088698033,-0.0296266932086773,0.0,-0.3029094712963565,2.0239206889204726,-0.0320077527672819,0.0,0.4601474842113645,0.0,3.2106759647293246,-0.8702156584729617
31981.0,A*02:01:01:01,0.0,0.0,0.0,-0.5112812167539852,0.6462140271377262,0.46640386491293884,0.7451373663140608,0.4174641612620815,0.0,1.7639382028728223,5.547248999130225
32577.0,A*02:01:01:01,0.0,0.197146626156111,-0.0011023847879332027,1.3317309709954162,2.452636238480993,1.119069969729981,1.5905521907259252,2.1371627419936594,0.0,8.827196353294152,1.5436337502255995
31829.0,A*02:01:01:01,0.6493189565907639,0.0,0.0,2.498390608349645,1.139059981077044,1.6592228305388437,0.5950355065767619,1.5234056028465477,0.0,8.064433485979606,6.936439104757415
32054.0,A*02:01:01:01,-0.5760450377164897,0.4628497918891168,-0.4347383698627938,0.5982146525563702,-0.20486250789747598,0.5077865918385046,0.0910462245113632,1.719698580731578,0.0,2.1639499260501736,-1.651277909705744
32049.0,A*02:01:01:01,-0.1746678249279927,0.0,0.354584416777905,2.8017001618724513,0.98722294811778,-0.004210565353622409,0.0,0.23505521559673892,0.0,4.19968435208326,-0.8895951186422955
32048.0,A*02:01:01:01,0.0,0.0,0.0,1.3976406405105557,0.6454702561848819,-0.028956242008108313,1.5587915487419015,1.672202018937436,0.1365290784774385,5.381677300844105,3.1511676218540634
31737.0,A*02:01:01:01,0.0,0.0,0.0,1.5196083993068374,1.1405475229827329,0.6002795508787864,0.066781602511732,0.4903709320701692,0.0,3.817588007750258,1.0248290968623188
32831.0,A*02:01:01:01,0.0,0.0,0.0,0.1446293067836369,0.0,2.083029871389306,0.45894160008942964,-0.45693318023849055,0.0,2.2296675980238816,-0.7573376951791388
30080.0,A*02:01:01:01,0.4997872226198,0.0,0.1772922083889525,1.9001759557932747,1.3196439179724577,0.5839792012987738,0.0,1.5373770239376234,0.0,6.018255530010882,2.700831850525079
32312.0,A*02:01:01:01,0.6493189565907639,0.4628497918891168,-0.3045458785037858,2.9414257628867553,1.013894092612697,0.6001622533931514,-0.736728094780324,-1.2071513857669969,0.0,3.419225498321377,1.2197996197696013
32033.0,A*02:01:01:01,0.0,0.0,0.0,0.46900532982508814,4.0066521766258925,0.326697772796517,0.7223749289533633,1.7399115506596483,-0.5974400966027618,6.667201662257748,1.075091576158731
32021.0,A*02:01:01:01,0.7960090566197155,0.0,0.7375677265298415,0.5714071222768013,-0.1982765086277578,-0.10285010493358393,-0.8757559125660455,-0.061851983126233856,0.0,0.8662493961727376,1.7046696192076354
32582.0,A*02:01:01:01,0.0,0.0,0.0,-0.3523528740454916,1.6249727851372033,-0.1273179325716067,0.0,-0.2599346623297248,0.0,0.8853673161903803,-1.0289533223546892
31756.0,A*02:01:01:01,0.0,0.0,0.0,1.8944304413029163,0.0,0.6142393859461496,0.09236478623966798,0.018174360925420796,0.0,2.6192089744141547,4.261402141674763
32908.0,A*02:01:01:01,0.0,0.0,0.0,-0.5316265504828177,2.232347804341097,0.6898491177471116,-0.7977276233730034,-0.3748682271841862,-0.5974400966027618,0.6205344244454396,2.0077385644615298
31929.0,A*02:01:01:01,0.0,0.0,-0.0168638060520049,1.2823342871306243,2.8062104476847973,0.9246582989676487,-0.29822313259395933,1.886406963250835,0.0,6.5845230583879415,3.64234166139818
32391.0,A*02:01:01:01,-0.1746678249279927,0.2805282350951621,-0.5625717413726787,0.5853385832756757,-0.1021092004414133,1.238227854184403,0.1854559089824377,-0.24635029463331937,0.0,1.2038515201622744,2.295393325789394
32870.0,A*02:01:01:01,-1.0726094181339512,0.0,0.0,1.894430441302916,2.6427123012881326,0.12653256753019487,-0.636536336390197,0.04497252654341727,0.0,2.9995020821405127,-1.89728365767222
32750.0,A*02:01:01:01,0.0,0.0,0.0,0.9376980488990831,0.0,0.44331527255374387,-0.19884711691563733,-1.6976097067085538,0.0,-0.5154435021713641,-0.8297448750209164
32742.0,A*02:01:01:01,0.0,-0.0296266932086773,0.9136115608141068,-0.6681755895089098,-0.3268532205385108,-1.1654146051098526,1.5990773915492846,1.4981933471355253,0.0,1.8208121911329662,-3.0434684995342574
21383.0,A*02:01:01:01,0.0,0.0,0.582757316497117,-0.32272535588415097,1.34586646180478,0.320983252983617,-0.7396111367671672,-0.43339935237283467,0.0,0.7538711862613611,3.3761670858763675
32665.0,A*02:01:01:01,0.0,0.0,0.0,-0.3641960149313381,0.1798401659425693,0.7080239592552717,0.3615151710340213,0.3919308592569167,0.0,1.2771141405574409,8.918922566240097
32636.0,A*02:01:01:01,0.0,0.0,0.0,0.7433637410783989,1.9016418546983322,0.880433976258413,-0.1375628663696602,0.048114712946489724,0.0957070839571835,3.531698502569157,2.8945297328343598
32634.0,A*02:01:01:01,-1.0726094181339512,0.0,-0.0532314502228797,-0.6170427700693358,4.502380838546426,-0.7508368893746762,-0.2671880040271176,-0.5634524806210325,0.0,1.1780198260974326,-3.6869025462604705
21446.0,A*02:01:01:01,0.0,0.0,0.0,-0.22689404019905698,0.3317243587687351,0.05277207901928101,-0.5079621023007163,0.45466311207864074,0.0086957069675539,0.11299911433443749,1.2092201588845166
28804.0,A*02:01:01:01,0.8931728050733633,0.0573846837809523,0.0521290654349465,-0.37532308465393666,0.21799537711064654,0.0,-0.3574090685281696,0.7411075606100721,0.049914605640667506,1.278971944468542,1.3761515175779646
32511.0,A*02:01:01:01,0.0,0.0,0.0,1.2915027990164085,0.0,0.9290824663185193,1.4609270530684677,0.35254922915189535,0.0,4.034061547555291,-0.08088227231291223
32512.0,A*02:01:01:01,-0.5363047090669756,0.0,-0.1272536701148333,3.204589154643008,-0.20100149924001628,0.026708788689215,0.0,0.0432536802795776,0.0,2.4099917451899757,3.6215009674422047
33028.0,A*02:01:01:01,0.0,0.0,0.0,-0.1921645810640891,2.294416650424668,-0.011642059745069155,-1.2916923205415056,0.02012558105668255,-0.5974400966027618,0.2216031735279247,-0.7843903765634856
31002.0,A*02:01:01:01,0.0,0.3938569204021653,0.206279745262205,1.626414806303087,0.8858575186292111,-0.1273179325716067,-0.1296251376574574,0.8093950205189981,0.0,3.6648609408866024,0.5197307391184414
1552.0,A*02:01:01:01,0.0,0.0,0.7834190694550988,1.3261720252989413,0.8077050544120989,1.675388932052062,-0.8851695708752059,-2.44558036594947,0.17574979163072,1.4376849360242454,-2.9402753295374247
31986.0,A*02:01:01:01,0.0,0.0,0.0,-0.9718095900282753,-0.6805728999770162,0.312439470130609,0.39151619770568086,0.4386104023731506,0.0,-0.509816419795851,2.370980346052523
34531.0,A*02:01:01:01,0.0,-0.0296266932086773,0.7834190694550988,-0.2912554837083202,-0.1949795149236765,-0.11873381820650364,-0.4156122241173925,1.666163509840919,-0.037824308667339,1.3615505364641087,0.4325832185342613
32084.0,A*02:01:01:01,0.0,0.197146626156111,-0.1064629004457594,2.1825640214363156,0.8930159539033428,-1.8896162704558832,-0.0072142203529122016,1.4154459380487723,0.0,2.684879148289987,3.1335505404724344
21384.0,A*02:01:01:01,1.149106179210564,0.0,0.9136115608141068,1.4349366461901614,-1.4352480891184443,-0.0745458535523257,1.2321715724996878,-0.0313957297034313,0.17574979163072,3.364386077971038,1.8034522604579637
32404.0,A*02:01:01:01,-0.47477241737833076,0.0,0.995316807021527,0.462851715722456,0.20821687720597273,-0.49674472163922645,-0.6526123612518357,1.7707294806220764,0.0,1.8129853803026392,1.3649483874836181
31935.0,A*02:01:01:01,0.0,0.0,0.582757316497117,-1.1483659343765682,-0.225510421324454,1.072499438224178,-0.1296251376574574,0.9574153149486271,0.0,1.1091705763114426,3.7389896418314477
300.0,A*02:01:01:01,-0.1746678249279927,0.2805282350951621,-0.08073365447994052,1.2702820802607389,0.7595841394423417,-0.834139212283748,0.1820924490227264,1.7871599364481154,0.0,3.1901061485774034,-4.711076850438349
31850.0,A*02:01:01:01,-1.0726094181339512,0.0,0.0,2.070074992588672,0.8654399562846086,-0.6783381615555253,-0.792927888959069,0.34083919809920554,0.0,0.7324786783239408,-0.14822280130386806
32502.0,A*02:01:01:01,0.0,0.0,0.0,-0.6564794591629539,0.0,0.4319149760999288,0.2934119059653599,1.771712617333278,0.0,1.8405600402356128,-0.035038168870928754
32006.0,A*02:01:01:01,0.0,0.0,0.0,-1.3871031154614715,0.0,1.453351051705889,-0.2882728017407911,3.2680503178418157,0.0,3.046025452345442,-1.7337813394459576
32246.0,A*02:01:01:01,-1.1520900754329795,0.0,0.1772922083889525,1.6895074361022346,2.3819587059130622,1.2418976980067775,-1.042589161235819,-1.1664554805573841,0.0,2.1295213311848444,4.859868714382401
32213.0,A*02:01:01:01,0.0,0.0,0.0,0.8123061696428358,0.0,-0.09875283116679676,-0.018305680714823885,-0.022144220289515237,0.0,0.6731034374716999,-0.5853118133516189
32201.0,A*02:01:01:01,0.0,0.0,0.0,2.367325308220316,-0.33433899446896465,0.08581828632784863,-0.2474081733138409,-0.14496765930456468,0.0,1.7264287674607943,-3.865770150734375
34520.0,A*02:01:01:01,-0.5363047090669756,0.0,0.0,-0.6198366233083307,-0.8087382021451959,0.0,0.3587276302564744,1.389910133212761,0.17566581094622802,-0.04057596010503872,1.8008703352432058
30990.0,A*02:01:01:01,0.0,0.0,0.0,1.570951242676533,2.350019822200954,-1.2620505471004275,-0.1296251376574574,1.7166622593518008,0.0,4.245957639471403,0.654670274170717
32129.0,A*02:01:01:01,-0.5760450377164897,0.0,0.030235910977939567,0.7807649456525658,0.0,-0.0307330553352814,1.2301188861819459,0.5841484190080095,0.0,2.0184900687686893,0.47265006273368926
31874.0,A*02:01:01:01,0.6493189565907639,0.0,0.9136115608141068,2.357243734894153,1.9063852445753888,0.19395718191823114,-0.0628435351457254,2.2303698716012055,0.0,8.188043015248123,4.954146998695713
32046.0,A*02:01:01:01,0.0,0.0,0.0,5.398890333974419,4.113147353878515,0.8809969041789312,1.730894174094435,-0.40490232163428946,0.0,11.719026444492012,2.840526111664812
33255.0,A*02:01:01:01,-0.14972887658074074,0.0,-0.3045458785037858,1.8370268606412783,1.5643692338139474,-1.9168904588383184,2.256956433271772,1.9876310080226958,0.0,5.2748183218268485,-1.6546843153526103
34481.0,A*02:01:01:01,-0.07625781509668972,0.6599964180452278,-0.0532314502228797,0.2655684623410861,-0.2002577282871719,1.9460837319983255,-0.6048172418420106,0.0,0.2221858265811209,2.1592702035170084,1.0490729533849197
31836.0,A*02:01:01:01,0.0,0.0,0.0,2.233840180496448,0.8701401850807856,0.5380331032691238,-0.1296251376574574,0.3919308592569167,0.0,3.9043191904458165,-0.42804542152954655
32032.0,A*02:01:01:01,0.0,0.0,0.0,2.009775722767314,0.6151318368706022,0.2283360822330186,-0.002285715280856,-0.3449176125525665,0.0,2.506040314037512,3.7740513369102584
32762.0,A*02:01:01:01,0.0,0.0,0.0,1.6508306302940423,2.1839233064917822,0.1279568969253963,-0.8864881326035107,0.6142981640386227,0.0,3.6905208651463326,9.98093749435545
32612.0,A*02:01:01:01,-0.07625781509668972,0.0,-0.0532314502228797,0.2176470960699329,-0.1006216585357245,-0.254088676354435,-0.1380105852901753,0.0,0.0,-0.4045630894299713,6.321876210996877
31861.0,A*02:01:01:01,0.0,0.0,0.0,1.547749250763384,-0.0007437709528444,-0.2546358651432134,1.8250969622371094,0.20564421187884652,-0.5974400966027618,2.72567069218052,7.685125787792804
32001.0,A*02:01:01:01,0.4330958481211279,0.0,0.0,0.9631403933774502,-0.024278571002062294,0.417061272943259,0.0,-1.0562230558456271,0.0,0.7327958875941476,3.180783081726185
22576.0,A*02:01:01:01,0.0,0.0,0.0,0.7387762142477884,-0.8993072788001873,-0.18197289409358797,-0.44404402125425885,-0.45684579136710285,0.2849490835957119,-0.9584446876716367,-2.1427079680280685
33055.0,A*02:01:01:01,0.0,0.0,0.9136115608141068,0.2608130985917195,0.9677047101433223,0.1939571819182312,-0.6872850194308646,1.0332301212484556,-0.037824308667339,2.6442073446176315,0.8536691284879974
32310.0,A*02:01:01:01,0.6493189565907639,0.0,0.0,0.16639760715663182,0.0792185074068448,1.4522208200341014,0.0887605092305072,1.376997579126749,0.0,3.812913979545598,3.575417678928799
32356.0,A*02:01:01:01,0.0,0.0,0.0,1.9118282991856972,1.2451229013308103,0.6785783848565747,-0.39598798167426386,0.3079619864048266,0.0,3.747503590103645,2.1377339785746017
31891.0,A*02:01:01:01,0.0,0.0,0.0,-0.3998499293282107,-0.43763784594726257,0.0,0.0,-1.3263590526891758,0.2849490835957119,-1.8788977443689374,2.7475520812762175
32513.0,A*02:01:01:01,0.0615322916886448,0.0573846837809523,-0.9136376355113573,2.0812931017260436,-0.4289624209799241,0.1232412864461219,2.460408998825255,-1.0343154892982893,0.0,2.4069448166774468,-0.7963778795404278
31732.0,A*02:01:01:01,0.0,0.0,0.0,-0.1761764370227458,-0.4293840788682991,-0.1273179325716067,1.501791681495418,-0.7084201399255974,-0.5974400966027618,-0.5369470034955928,-0.32073494796367635
31810.0,A*02:01:01:01,-0.1746678249279927,0.0,-0.1272536701148333,1.0860423543490034,-0.20100149924001628,-0.792486732028998,0.0,1.3027415127017319,0.0,1.093374140738895,-1.0778876431762245
32211.0,A*02:01:01:01,0.0,0.0,0.0,1.0083271825528524,2.853203005645084,-0.2143293095612364,0.7489252662338505,1.019763272146787,0.0,5.415889417017338,4.158087654562333
30090.0,A*02:01:01:01,0.0,0.0,0.0,3.579453079244247,-0.876411030976487,-0.0627408081025633,0.11131945694263351,2.48587727606292,0.6065327077231742,5.844030680893924,-2.2977999309360837
32975.0,A*02:01:01:01,0.0,0.0,-0.130192491359008,0.2621185939269971,1.0058943590228648,1.1548276850855101,-0.44404402125425885,1.2729442427936903,0.0,3.1215483682157954,2.867832859012287
32051.0,A*02:01:01:01,0.0,0.0,0.0,0.086933435802385,-0.021403151128879694,1.1511464978690713,-0.535090245765622,0.11286144999753489,0.0,0.7944479867744895,5.376359821200878
32976.0,A*02:01:01:01,-0.5363047090669756,0.0,0.0,-1.105720889978345,0.5960557119112773,0.37151232713468274,0.7103463530877563,2.2852378205059125,0.0,2.3211266135943083,10.559249189520699
31849.0,A*02:01:01:01,-0.11313553323934791,0.0,0.0,3.4507464440839986,1.920706080532308,0.9175353398874704,0.0,-0.050412748738150714,0.0,6.125439582526278,3.761018071416092
31867.0,A*02:01:01:01,0.0,0.0,0.0,0.8865970482090162,0.11192441650858703,0.2882995470005756,0.7016723813833048,-0.9065695066597925,0.213490119613567,1.2954140060552581,4.707882256908443
32028.0,A*02:01:01:01,0.0,0.0,0.206279745262205,-0.12318390591570955,0.725432534544571,0.2725921438133064,0.4255092327682064,1.1648344185150452,0.0,2.671464168987624,0.7727088950822959
30144.0,A*02:01:01:01,0.0,0.0,0.0,-0.3460754738181431,2.6943221594091193,0.6747245922191495,2.0581693105261465,3.2464104658497854,0.7521543973210252,9.079705451507083,6.36574951785671
34357.0,A*02:01:01:01,0.0,0.0,0.0,1.0987620479940028,1.7646146280387351,-0.0307330553352814,-0.2474081733138409,-0.6747202214797552,0.0,1.9105152259038602,5.897413976905836
32669.0,A*02:01:01:01,0.0,0.0,0.0,-0.1761764370227458,0.38648359831575907,-0.0307330553352814,-0.2474081733138409,0.24783320703729117,0.1365290784774385,0.31652821815862064,0.24527121029678248
31734.0,A*02:01:01:01,-0.5363047090669756,0.0,0.354584416777905,4.592865676966889,0.98722294811778,-0.13864462916170162,0.0,2.0005925251585133,0.0,7.26031622879241,2.7339080340223845
32455.0,A*02:01:01:01,0.3238965561561359,0.0,0.206279745262205,0.6173795540892588,0.14678365268636512,-0.7339628384216162,0.4992313776391536,1.1563334889819332,0.0,2.2159415363934354,-0.7590145731924094
32185.0,A*02:01:01:01,0.9328830707409279,0.0,-0.3045458785037858,2.0997025107500127,1.5029721945939625,-0.7799773638606803,0.9740311791483818,0.020125581056682773,0.0086957069675539,4.453887000893056,-3.0637526905982937
30088.0,A*02:01:01:01,0.0,0.0,0.0,-0.5883667511324999,-0.3272748784268858,-0.9340470013650817,0.0,-0.4904583209415571,0.0,-2.3401469518660245,-0.7692385505792836
32040.0,A*02:01:01:01,0.0,0.0,0.0,2.4184923198418,-0.29095358581953457,1.3405544165622703,-0.2859870864599351,-0.8316266296799013,-0.5974400966027618,1.753039337841937,1.3614268639549174
31775.0,A*02:01:01:01,0.0,0.0,0.0,1.1276499784106397,0.0,0.7730755409215182,-0.6841224511495139,-0.29362431816501566,0.0,0.9229787500176284,1.2170218372602646
30246.0,A*02:01:01:01,0.0,0.0,0.0,-0.6017160821951357,-0.02041756234460268,0.0,0.0,-1.0107213542018647,0.2849490835957119,-1.3479059151458914,2.2833460062455035
32053.0,A*02:01:01:01,-1.1123497467834653,0.3938569204021653,0.0,0.40006718053524876,-1.2825331175193866,0.30282308325341517,0.0910462245113632,1.4846009022117912,0.0,0.2775114466111317,-0.7525451805388164
32632.0,A*02:01:01:01,0.0,0.0,0.0,1.1782262193482498,-0.30157910271878763,0.3335561385886966,0.0910462245113632,2.6161847962551743,0.0,3.9174342759846965,6.244823528947386
32876.0,A*02:01:01:01,2.243835709428251,0.0,0.9136115608141068,-0.0770855343785147,-0.5071150443694551,0.15927394178661908,1.88782150578428,0.0,0.0,4.620342139065287,5.548350120311294
32629.0,A*02:01:01:01,0.0,0.0,0.0,1.747242184052431,-0.247190881709391,0.4984116176802208,0.0,0.7208072018106135,0.0,2.7192701218338744,4.386008628856238
30077.0,A*02:01:01:01,0.5613195143084448,0.5202344756700691,0.0,0.08658876878022193,0.1329070125203502,1.0610363245534549,0.0887605092305072,1.2293276486614089,0.0,3.6801742537244566,8.140687020408793
30116.0,A*02:01:01:01,0.8977917509296578,-0.343305690818557,-0.0532314502228797,2.9782658192629228,0.6462140271377262,-0.18547913672865524,-0.3574090685281696,0.0,0.0,3.582846251032046,7.758666278603352
32110.0,A*02:01:01:01,-1.0726094181339512,0.0,0.0,1.894430441302916,1.4740640300234913,0.6933146495714172,-0.7157168165677309,-1.052890141508203,0.0,1.2205927446879392,-0.8941357305963479
21381.0,A*02:01:01:01,0.0,0.3938569204021653,0.07608725390319698,0.22389074351250302,-0.1470130545959415,0.5898479328219903,2.6509522023657044,-0.22902760095495878,0.0,3.5585943974546597,-0.9499586921472736
32812.0,A*02:01:01:01,-1.1123497467834653,0.0,-0.2135741002980591,0.7967427862208183,-2.327218196530796,-0.28083326012894066,-0.5170282823095711,-0.21725133938044183,0.0,-3.8715121392104557,3.793157152971619
32170.0,A*02:01:01:01,0.2012942340638034,0.0,0.0,1.1909600203003436,-0.9353336943965348,0.46870411534913803,0.0688342888294739,2.2549910686412504,0.0,3.2494500327874745,1.4966870169999302
32477.0,A*02:01:01:01,0.4997872226198,0.0,0.2584088106971515,-0.7137729183882466,0.4459562988505543,-1.3884379463223708,0.0,2.1855148636525255,0.0,1.2874563311094138,2.4001834820380457
22728.0,A*02:01:01:01,-0.5760450377164897,0.4628497918891168,0.14801894663432325,0.2627652058029677,0.1790963949897249,0.2062382060170899,-0.31717780329692485,2.605063321042616,0.0,2.9708090253624237,0.26463372148167263
32008.0,A*02:01:01:01,0.0,0.0,0.0,-0.2556406083769926,1.0146378635655413,0.7191010169843821,1.6133564918619039,-0.4904583209415571,0.0,2.6009964430932775,3.8603187569636646
4477.0,A*02:01:01:01,0.0,0.0,0.9136115608141068,-1.2191740685277344,-0.8063957738056774,-0.577393006612739,-0.2474081733138409,-0.3542901891801912,0.0,-2.291049650626076,-0.6170083045246373
29730.0,A*02:01:01:01,0.0,0.0,0.0,1.295683903009556,0.339262769540536,1.1969967452318264,1.5928379060067812,0.24545957143905922,0.2849490835957119,4.95518997882347,-0.9484750424396917
31751.0,A*02:01:01:01,0.0,0.0,0.0,1.3976406405105557,0.6454702561848819,-0.028956242008108313,1.775273730492625,0.4804624186767487,0.2849490835957119,4.554839887452415,-0.9589662676833315
32439.0,A*02:01:01:01,0.0,0.0,0.0,0.9605791232783166,0.1798401659425693,0.24135697258285235,-0.31272389760495545,0.7627124873548552,0.0,1.831764851553638,2.0851753198402196
32867.0,A*02:01:01:01,0.0,0.0,0.0,1.289589093187479,-0.5540481977916742,0.5776375990876516,-1.1199533759995437,0.9252320306290973,0.0,1.1184571491130098,-3.1305870641872695
1702.0,A*02:01:01:01,0.0,0.0,0.0,-0.6788016165736505,0.13909898276827115,-0.873805146962456,0.3679857002954868,0.3080493752762145,0.0,-0.7374727051961341,0.24096168057369272
28890.0,A*02:01:01:01,0.0,0.0,0.0,0.7615888512828207,1.6693042776220635,0.21758851959095865,0.8157068687455825,1.0009548340684087,-0.5974400966027618,3.867703254707072,3.133625898024336
1030.0,A*02:01:01:01,0.3980045283098578,-0.540452316974668,0.602354247722334,-0.3239802412842412,-0.594823429469675,0.5880945932157392,1.09683534943166,2.7667046725990323,0.0,3.992737403550039,1.627617990391712
31972.0,A*02:01:01:01,-1.1123497467834653,0.0,0.0521290654349465,-0.6209594159713641,1.4437735376912026,-0.5661027861753376,1.4735859104680697,0.8123705806315624,0.0,1.4824471452956143,-1.8321839568972462
703.0,A*02:01:01:01,0.0,0.0,-0.3533360426732178,-0.051273368031280964,-0.1475548119579436,0.7557683604170897,2.1695625417525943,0.15084094104998197,0.0086957069675539,2.5327033275247777,2.566271949316816
32778.0,A*02:01:01:01,0.0,0.0,0.0,0.11500061444223467,0.5981008361624525,0.1818668249180608,0.36725157570604966,0.2506492396685148,-0.5974400966027618,0.9154289942945508,7.143231388660768
30997.0,A*02:01:01:01,0.4231691758276277,0.0,0.0,0.4628255810796789,0.5864192135384616,-0.0320077527672819,0.4497738547678376,0.7217258973276863,0.213490119613567,2.825396089387577,-0.07676012094395114
32903.0,A*02:01:01:01,0.0,0.5581599716934417,0.354584416777905,1.9824182324241335,0.40637218358884514,1.0374946549664494,0.3914206729237385,0.31986997076043966,0.0,5.050320103134952,-0.685487423377167
1047.0,A*02:01:01:01,-0.5760450377164897,0.0,0.1772922083889525,0.9848016880112517,2.68880908880337,1.0633084116566904,-0.3049417571629006,0.4789346653901272,0.0,4.5121592673710005,-6.268032056248118
31847.0,A*02:01:01:01,0.0,0.0,0.0,-0.48322982668135006,0.0,-0.33306312776774005,-0.0628435351457254,0.4903709320701692,0.0,-0.3887655575246463,-0.6654704756158768
31921.0,A*02:01:01:01,0.0,0.0,0.0,0.5492674758621392,0.0,0.10845327092689078,0.0,0.9833426458403955,0.0,1.6410633926294256,0.9777078612344843
31708.0,A*02:01:01:01,0.4330958481211279,0.0,0.0,0.7780107398515581,0.0792185074068448,0.3849059140418958,0.0,-1.4660319498716365,0.0,0.20919905954979012,3.0372334621120944
31873.0,A*02:01:01:01,0.0,0.0,0.0,1.5983892771599517,2.2021185399704932,0.5146396242944651,-0.2716727953134721,-0.947216723437272,0.0,3.096257922674166,3.314431395775075
22566.0,A*02:01:01:01,0.5151066711533135,-0.0296266932086773,0.9136115608141068,3.4366351158015136,2.950314726732632,0.6519726334566132,-1.51092961688865,0.5767658088795409,0.0,7.503850206740394,-4.317467695313465
32837.0,A*02:01:01:01,0.0,0.0,0.0,1.8744297745962468,1.1405475229827329,1.5899848509949257,0.066781602511732,0.4903709320701692,0.0,5.1621146831558065,1.2106706293211407
33070.0,A*02:01:01:01,0.0,0.4628497918891168,0.609065682310321,1.1193437707342255,0.13612389895689359,-0.8752875436650052,0.9832892491873942,0.26784503841973023,0.0086957069675539,2.71192559480023,-2.4071826209404343
32845.0,A*02:01:01:01,-0.1746678249279927,0.2805282350951621,-0.5625717413726787,1.2466458656311936,-0.3283407624441996,-1.528330696027274,0.3587276302564744,1.0315103409224025,0.0,0.32350104713308747,-5.696905632344839
33332.0,A*02:01:01:01,0.8311003764309857,0.0,0.582757316497117,1.980538106830659,3.4482259070758405,-0.06890010813975217,1.1404414639395313,0.05264626993139654,0.0,7.966809332565778,2.7747283938057685
758.0,A*02:01:01:01,0.0,0.0,0.0,-0.3577540300876393,-0.5071150443694551,0.19168509481499557,-0.8702594874048467,1.669373220864815,0.0,0.12592975381786964,1.5281695292134037
30977.0,A*02:01:01:01,0.0,0.4628497918891168,-0.3045458785037858,4.710149955292769,-0.30236692872858517,0.89254673707079,-0.2474081733138409,0.6752932705641811,0.0086957069675539,5.8952144812382,-0.5576110278799709
32986.0,A*02:01:01:01,0.0,0.0,0.0,3.6775932907398934,1.679525826857948,0.3126910001247348,-0.0242646219996312,0.7627124873548552,0.0,6.408257983077801,6.440213061850388
31780.0,A*02:01:01:01,-1.0726094181339512,0.0,0.0,1.8820554146800799,0.259110500052081,0.4162564439259719,-0.9238985102761763,-1.0103276456010064,0.0,-0.44941321535300105,-2.77434139431074
31770.0,A*02:01:01:01,-0.5363047090669756,0.0,0.0,0.3737459510259901,0.58546857857857,2.2613009710928136,1.463212768349324,3.9027237206041585,0.0,8.05014728058388,2.3931328829595744
33282.0,A*02:01:01:01,0.0,0.0,0.0,-0.23667287006517096,0.27381421892500435,0.5847810280428686,-0.6048172418420106,2.134126420613882,0.0,2.1512315556745736,1.7230965136166705
1063.0,A*02:01:01:01,-0.1746678249279927,0.2805282350951621,-0.5625717413726787,-0.4091743119037988,2.7617573603055945,1.9390249248567109,0.4542642080694639,-1.3573724331236803,0.0,2.931788416998781,-2.5716652411050815
32105.0,A*02:01:01:01,0.0,0.0,0.0,0.8578504800310806,-0.08611959631314214,-0.1273179325716067,1.501791681495418,-1.0821803181840095,0.17574979163072,1.2397741060884602,0.7062810553013594
32821.0,A*02:01:01:01,0.0,-0.0296266932086773,0.9136115608141068,-0.2532619714012605,0.5593264111551697,0.3335561385886966,-0.6708329073653643,-0.94730411230866,-0.5974400966027618,-0.6919716703287507,-1.240785426563987
32407.0,A*02:01:01:01,0.0,0.0,0.0,-0.26889432945843655,-0.504998123767528,0.822135243610053,0.0,0.7029557946456955,0.0,0.7511985850297839,-1.7692975072461579
34346.0,A*02:01:01:01,0.0,0.0,0.0,1.0987620479940028,1.7646146280387351,-0.0307330553352814,-0.2474081733138409,-0.6747202214797552,0.0,1.9105152259038602,5.897413976905836
32224.0,A*02:01:01:01,0.0,0.0,0.0,1.9412006475739143,1.4092322284172853,0.8649416206117165,0.719293262415955,0.41737677239069365,0.0,5.352044531409565,0.8525453832296033
7869.0,A*02:01:01:01,-0.5760450377164897,0.0,0.206279745262205,-0.08924300122036077,-0.20198708802429338,2.1078330194790404,-0.8249835871926225,0.4174641612620815,0.0,1.0393182118495605,0.1121035728225469
22634.0,A*02:01:01:01,0.0,0.0,0.0,0.5982146525563702,0.13686766990973795,-0.1273179325716067,1.501791681495418,0.16299432710026196,0.213490119613567,2.4860405181037484,0.27159334774791244
22486.0,A*02:01:01:01,0.0,-0.0296266932086773,0.8967477547621019,0.03371749252230194,0.3810543756045553,0.841918527614125,-0.10340460949581114,0.7148637790013086,0.0,2.7352706267999043,1.661569518802903
31871.0,A*02:01:01:01,0.0,0.0,0.0,0.8893917040213506,-0.24752154753360184,0.5841153576064252,0.6909359115847258,1.3757356723812073,0.0,3.292657098060107,3.2410571036515856
32276.0,A*02:01:01:01,0.0,0.0,0.0,1.4806062415035681,1.3673208423475212,1.1070237993575638,-0.0265503372804872,1.2293276486614089,0.0,5.157728194589574,-0.3261137766581712
22565.0,A*02:01:01:01,0.6493189565907639,0.0,-0.3045458785037858,3.4131114783154755,1.5866650824676085,0.18601203190691765,2.092830608387694,0.8123705806315629,0.0,8.435762859796238,0.46736440544648294
32223.0,A*02:01:01:01,0.0,0.0,0.0,0.6713712608063644,2.1466586634354514,-0.06955721421470928,0.48256242221704404,0.5749936601944383,0.0,3.806028792438589,3.252964236589452
32209.0,A*02:01:01:01,-1.0726094181339512,0.0,0.0,1.4718603400323018,0.8623227185799933,0.09836169056349839,0.7223749289533633,0.616098750552429,0.0,2.6984090105476346,-4.30304629100082
32521.0,A*02:01:01:01,0.0,0.0,0.0,1.6959487400270772,0.311091565952314,0.8270895233253021,-0.940294433703617,0.5749936601944383,0.0,2.4688290557955144,-2.848986168434364
31906.0,A*02:01:01:01,-0.03651748644717556,0.0,-0.14411747616683818,4.596181288697677,3.08286894895297,0.14883674663776153,-0.3141579634266317,-0.07299415967947559,0.0,7.260099898568288,1.1978713696834093
1632.0,A*02:01:01:01,-1.0726094181339512,0.0,0.0,1.2162197316553092,2.433762297872146,-0.4286586191224728,1.0965525994967715,0.20952191359157407,0.0,3.4547885053593768,-1.478507182258399
30091.0,A*02:01:01:01,-0.25214848156035385,0.0,0.0,0.4220382155336244,0.5510280885982779,0.6395450104606879,-0.29595384314017714,-1.0202108831167473,0.0086957069675539,0.05299381374286578,4.358149150617124
21449.0,A*02:01:01:01,0.0,0.0,0.0,1.572049752440928,0.18499827983243775,0.2956796542981982,-0.1296251376574574,1.019763272146787,0.0,2.942865821060894,4.2126463522673125
34507.0,A*02:01:01:01,0.0,0.0,0.0,0.3449526811551097,0.3065213199560699,-0.45822627072174615,-0.6048172418420106,0.5032886807411587,0.2849490835957119,0.3766682528842935,-0.8446479573935117
33129.0,A*02:01:01:01,0.6493189565907639,0.0,0.1772922083889525,5.51275572731283,2.9519241551001407,1.006005649696152,-0.44404402125425885,-0.16752540119716486,0.0,9.685727274637415,2.109635533867561
21453.0,A*02:01:01:01,-1.0726094181339512,0.0,0.0,2.070074992588672,1.1648318012018162,0.7917547223846697,2.1704451322845038,1.719698580731578,0.0,6.844195811057288,-1.7559392795235023
32868.0,A*02:01:01:01,0.0,-0.29929026015778,0.582757316497117,1.1076643251009637,1.8266890706867742,0.28068324735745287,-0.1453645588337291,2.1085931186087175,-0.086614472836771,5.375117786422746,0.7231247082827361
31534.0,A*02:01:01:01,0.0,0.0,0.0,1.2143616877602736,-0.061902516471745134,0.3961961344792972,1.0581657266362139,1.7166622593518008,0.0,4.32348329175584,2.822071680683851
32156.0,A*02:01:01:01,-0.5363047090669756,0.3938569204021653,1.1198913060763118,-0.0770855343785147,-0.7112337813140867,0.23183366620872958,0.0910462245113632,1.719698580731578,0.0,2.231702673170571,-0.527460996113624
32973.0,A*02:01:01:01,-0.03651748644717556,0.0,-0.3045458785037858,1.8138088592019992,0.579871399074599,0.4736941043586985,2.9793187409912045,0.8235127571848043,0.0,6.329142495860345,-0.19882698425055037
32666.0,A*02:01:01:01,0.0,0.0,0.0,-0.4354654855783947,-1.2614431439822011,0.28068324735745287,1.8920854610772415,1.7166622593518008,0.0,2.1925223382258996,1.239657633478109
32968.0,A*02:01:01:01,0.0,0.0,0.0,0.8397442041262546,0.1798401659425693,0.9438738685891458,0.9047709320529543,-0.7652080690564222,0.0,2.1030211016545017,-0.8762402464893835
31963.0,A*02:01:01:01,-0.7540855471231217,0.0,-0.3045458785037858,0.8791003994725328,0.3788230627460221,0.5388587660183042,0.0,-0.2543824452904317,0.0,0.4837683573195198,4.211734634983512
4045.0,A*02:01:01:01,0.0,0.0,0.0,-0.1455424233271949,0.0,0.28510741470832346,0.2731386735340896,2.6275336740638284,0.0,3.0402373389790465,-1.3908193764603523
1052.0,A*02:01:01:01,0.4746511316627712,0.2805282350951621,-0.4347383698627938,0.044966131321591885,-0.8498954398988705,0.2062382060170899,-0.0385789131460942,1.183846748192658,-0.49873532679266225,0.3682824025888523,-2.979001588546723
32371.0,A*02:01:01:01,0.0,0.0,0.0,1.0083271825528524,1.46546460095296,-0.2143293095612364,0.7489252662338505,-0.11439395394073426,0.0,2.8939937862376923,3.90379464330628
32206.0,A*02:01:01:01,0.0,0.0,0.0,-1.5212220938955814,0.30772070139839747,-2.031128648528162,-0.2474081733138409,1.7166622593518008,0.0,-1.7753759549873864,2.578249103331218
32412.0,A*02:01:01:01,0.0,0.0,0.0,1.449094420202175,1.4288260308233465,-0.08637241263584008,-0.1375628663696602,0.8373543264814445,0.6065327077231742,4.09787220622464,-3.9245975367263606
21462.0,A*02:01:01:01,0.0,0.0,0.0,-0.9564300191398998,0.6756874382813332,1.06514082073155,1.2354288374786115,-0.40490232163428946,0.0,1.6149247557173052,-1.0890115593949978
31948.0,A*02:01:01:01,-0.1009866378091302,0.0,0.0,-0.8927253259995755,0.14881580530266442,1.105877291724824,-1.3305321538577695,0.571256537651299,0.0,-0.49829448298768764,0.7925530362949935
32395.0,A*02:01:01:01,0.0,-0.540452316974668,-0.0700952562748846,-0.08663044383685717,0.13290701252035012,0.5972280401196128,1.9129866231171615,0.41831004357369217,0.0,2.364253702244407,0.9832978316504202
32125.0,A*02:01:01:01,0.5151066711533135,-0.0296266932086773,0.9136115608141068,-0.7645431881552457,-0.43417204969407686,-0.44514652783998326,-0.7847096880546823,-0.5625192094380341,0.0,-1.5919991244232792,-3.943598501312503
33061.0,A*02:01:01:01,-0.1746678249279927,0.2805282350951621,-0.08073365447994052,2.0875667955312043,1.0037909685539803,-0.3485908619157619,0.5015170929200096,3.004586183437546,0.0,6.273996934214207,-3.5766413322078163
31980.0,A*02:01:01:01,0.0,0.0,0.0,0.5602211402493105,0.1276302187421109,0.4156389693771772,-0.2474081733138409,-0.5297525621751905,0.0,0.3263295928795672,1.6631564407057284
19556.0,A*02:01:01:01,0.0,0.4628497918891168,-0.3045458785037858,0.4195811463145525,-0.5057418947203723,1.1603949583733286,-0.1319108529383134,0.0,0.0,1.1006272704145266,4.840066232383075
34325.0,A*02:01:01:01,-1.1123497467834653,0.6599964180452278,0.0,0.08746971876362694,0.3296173067664043,0.37182617116013295,1.254383508181577,0.4174641612620815,0.0,2.008407537395585,3.5019363376151262
32127.0,A*02:01:01:01,0.3980045283098578,0.0,-0.3045458785037858,0.7546715843152997,2.1681113917543975,0.3745999277436814,1.463212768349324,-1.0921843827418367,0.0,3.761869939226937,4.9302633494018195
32083.0,A*02:01:01:01,0.0,0.0,0.0,0.7931485877268368,0.3596803318851386,1.0006684157660897,-0.3728451746927757,0.7254261476669082,0.6065327077231742,3.112611016075372,3.0755932584553713
32621.0,A*02:01:01:01,0.0,0.0,0.0,0.9122401570777374,-0.6077367029051796,-0.0627408081025633,0.8080642835572902,1.2157301357121022,0.0,2.265557065339387,-0.611936737770879
31827.0,A*02:01:01:01,0.8236837787759359,0.0,0.9136115608141068,2.6779900427678163,0.3160961868351665,-1.3975775316232986,1.488837815852541,-0.14598831935895118,0.0,4.676653534063318,-4.134704324257939
32905.0,A*02:01:01:01,-1.1520900754329795,0.0,0.9607112778440512,1.868365253560761,0.0,-0.0307330553352814,-1.6689865516829736,-0.8636481418696749,0.0,-0.886381292916097,-4.243219374993275
32776.0,A*02:01:01:01,0.0,0.197146626156111,0.0,0.2176470960699329,1.1405475229827329,0.0,3.003583362990836,0.0,0.0,4.558924608199613,2.4200578292783277
32203.0,A*02:01:01:01,0.6493189565907639,0.0,0.0,0.47953135188949564,0.0328271113466278,1.3517200583384208,0.1820924490227264,0.6824137140784863,0.0,3.3779036412665207,1.3344861526683203
32245.0,A*02:01:01:01,0.0,0.0,0.0,1.125784866214159,1.3673208423475212,0.2725921438133063,0.3344630082568432,0.1156774826287586,0.0,3.2158383432605886,4.713353094524017
33021.0,A*02:01:01:01,0.0,0.0,0.0,0.5982146525563702,0.0,0.8550312101273126,0.32422587919566137,-0.5624318205666462,0.0,1.2150399213126981,0.4619835141951895
21533.0,A*02:01:01:01,0.0,0.0,0.0,-0.1761764370227458,1.447812773064066,-0.1273179325716067,0.0,-0.2599346623297248,0.0,0.8843837411399886,-1.5495453059821178
31971.0,A*02:01:01:01,0.0,0.0,0.0,-0.5222519108408888,0.8791312083490791,-0.1273179325716067,0.0,-0.2599346623297248,0.0,-0.030373297393141235,-0.4617678063764792
32324.0,A*02:01:01:01,0.0,0.0,-0.130192491359008,-0.8004519053060958,0.3596803318851386,1.4163073851432673,-0.10389463743720871,-0.45684579136710285,0.0,0.2846028915589905,-2.7843545054899064
34490.0,A*02:01:01:01,0.0,0.4628497918891168,0.1772922083889525,2.985418608975624,1.7736930259363664,0.5736384137395485,0.1820924490227264,0.0,0.0,6.154984497952334,1.9855740079316841
32856.0,A*02:01:01:01,0.0,0.0,0.0,-0.010875084105711863,0.0,0.632099711915451,-0.40377012211631863,1.5397411518955029,0.0,1.7571956575889234,4.028301784945345
32631.0,A*02:01:01:01,0.0,0.0,0.0,3.002439433426043,1.5319614528465608,0.3126910001247348,-0.0242646219996312,2.112223922092118,0.0,6.935051186489826,4.794622095793903
32285.0,A*02:01:01:01,0.0,0.0,0.0,-0.32272535588415097,-0.9481788696411315,0.2329388461956349,-0.018305680714823885,0.13282750357287676,-0.5974400966027618,-1.5208836530743564,3.298663968425276
32591.0,A*02:01:01:01,-0.5760450377164897,0.4628497918891168,-0.130192491359008,0.8224544603152883,0.1790963949897249,0.7026853325795044,0.701199176964037,-0.4319392521527471,0.0,1.7301083755094266,0.9132012477217699
32077.0,A*02:01:01:01,0.0,0.0,0.0,2.758297298912734,2.6553957889694635,1.7960555880005438,2.1210918100718112,1.4184822594285493,0.0,10.749322745383102,0.52434331831584
33214.0,A*02:01:01:01,0.6493189565907639,0.1635595317313368,0.582757316497117,0.15693310324651744,-0.8339682649079658,-0.4672863637359455,1.0953487315390433,1.1915554578722047,-0.5974400966027618,1.9407783722303107,-1.3182234925683716
31965.0,A*02:01:01:01,0.0,0.0573846837809523,0.0,2.220718127606253,1.0868590178692275,0.3126910001247348,-0.2496938885946969,0.0,0.0,3.4279589407864703,1.428510677185289
32834.0,A*02:01:01:01,0.0,0.0,0.0,0.6549463479840649,3.0092337286192334,0.3478160002392683,2.8739582253333786,-1.7274626698582347,0.0,5.158491632317711,2.2894294308535437
31819.0,A*02:01:01:01,-0.6770316755256199,0.0,0.9136115608141068,-0.42943840842400627,0.22611035975790084,-0.8288269450094037,0.41177903995630427,1.6211711190469376,0.0,1.2373750506162196,-2.5221852747752367
32938.0,A*02:01:01:01,-1.0726094181339512,0.0,0.0,1.768288313955349,3.3761790071340014,0.7113186236753755,-0.10389463743720871,1.767666531638124,0.0,6.44694842083169,-1.6304424088024387
32998.0,A*02:01:01:01,0.6493189565907639,0.4628497918891168,0.3045198038065352,1.7754006238928821,-0.32908453339704397,0.3308806512243664,2.347080313518252,-0.056327107194263704,0.17574979163072,5.660388291961329,-2.241595069383428
34508.0,A*02:01:01:01,0.0615322916886448,0.0573846837809523,0.995316807021527,-0.687457653776731,0.40946019427742175,-0.2168914879298213,0.12761813413719403,0.3679928351591972,0.0,1.114955804358385,-0.002714534521961298
31739.0,A*02:01:01:01,0.0,0.0,0.0,1.0896002875439372,0.977658877725805,0.9365463265332185,-0.489319921466483,0.6309822950206065,0.0,3.1454678653570842,4.754162242079343
32303.0,A*02:01:01:01,0.0,0.0,0.0,-0.1347057779755587,0.30894774214201015,1.1089536189485945,-0.6914521945680998,-0.8316266296799013,-0.5974400966027618,-0.837323337735717,1.67920821114054
32282.0,A*02:01:01:01,-0.5363047090669756,0.3938569204021653,0.48449118325553625,-0.4236223446925479,0.8253104221274512,0.5618922208217152,0.0887605092305072,0.28211092522413683,0.0,1.6764951273019886,1.026238286472613
29732.0,A*02:01:01:01,0.0,0.0,0.0,-0.3523528740454916,-1.245512177665987,0.0835051343545624,-0.3574090685281696,-1.3129121927093161,0.213490119613567,-2.9711910589808346,-3.170191484002078
30078.0,A*02:01:01:01,0.0,0.0,0.0,1.7380614054271053,0.5627862372474974,0.3849059140418958,-0.2474081733138409,0.1681221193303155,0.0,2.606467502732973,8.403890159137715
32519.0,A*02:01:01:01,0.0,0.0,0.0,1.0261640485414394,-0.942925346495043,0.976278006400644,0.19666766033935879,0.5749936601944383,0.0,1.8311780289808377,-3.0989981136349223
31854.0,A*02:01:01:01,0.0,0.0,0.0,0.23723190379780282,0.6596259566264249,0.22700253226908898,1.3721665438379607,0.21992626943389437,0.2849490835957119,3.0009022895608832,2.606234494864959
32321.0,A*02:01:01:01,0.0,0.0,0.0,3.6766168276978943,-0.18913370759999318,0.05277207901928101,-0.6048172418420106,1.6451933501281006,0.1365290784774385,4.71716038588071,-1.887827423517688
32846.0,A*02:01:01:01,0.7589605196359129,-0.0296266932086773,0.9136115608141068,-1.6997771678940592,-0.8753451469591733,1.0142893130628718,-0.0385789131460942,1.9088773162720476,0.0,1.952410788576935,-1.7916519873226433
30988.0,A*02:01:01:01,-1.0575971420801995,0.0573846837809523,-0.4347383698627938,0.7849432708469052,0.35002658935826164,0.3335561385886966,-0.0385789131460942,2.1085931186087175,-0.02800416022854959,2.075585215865896,-3.0673402110605426
33069.0,A*02:01:01:01,0.6493189565907639,0.0,0.582757316497117,1.8820554146800799,0.4459562988505543,1.0453122203235965,0.3839949774337955,0.5533304890455818,0.0,5.542725673421489,3.5420976817714864
32121.0,A*02:01:01:01,-0.14294918959536185,0.0,0.582757316497117,2.0454296134065304,2.8225616849601485,-0.5216510236045038,-0.6245970725552871,-0.17152162136411586,0.0,3.9900297077445277,-0.9761442830195313
31878.0,A*02:01:01:01,-1.1520900754329795,0.0,0.1772922083889525,1.513330999079489,1.1670631140603493,0.4545988194631765,1.6269450351842925,1.1585717218721534,0.0,4.945711822615434,-3.311996496103585
32825.0,A*02:01:01:01,0.0,0.0,0.206279745262205,0.15715066302750774,1.4706711415890228,-0.4031133528034059,0.7489252662338505,0.44804898578622127,0.0,2.627962449095401,0.8226221039000767
31883.0,A*02:01:01:01,0.0,0.0,0.0,1.0987620479940028,1.4194121096596088,-0.0307330553352814,-0.2474081733138409,1.019763272146787,0.0,3.2597962011512767,3.9228566459843783
31938.0,A*02:01:01:01,0.0,0.0,0.0,0.16639760715663182,-0.11218117525027649,-0.1273179325716067,1.501791681495418,-0.7074868687425988,0.213490119613567,0.9346934317011348,-2.9143140358631037
32423.0,A*02:01:01:01,0.0,0.0,0.0,0.3815197366297982,1.8385886661769524,0.6249462110395354,-1.1338963059173515,0.5032886807411587,0.2849490835957119,2.499396072265805,-1.9286080099372327
31993.0,A*02:01:01:01,0.0,0.0,0.0,0.29117705146498046,-0.3047403954803561,0.0,0.0,0.5469052748734404,0.2849490835957119,0.8182910144537767,-0.715836667161222
31840.0,A*02:01:01:01,0.0,0.0,0.0,-0.5399890544403281,0.0,-0.12576833401624726,-0.7383486344665333,-1.4670860480967216,0.0,-2.87119207101983,-0.5796798154309679
34533.0,A*02:01:01:01,0.0,0.0,0.0,1.6264148063030872,-0.20100149924001628,1.373151708565203,-0.6548980765326917,-0.947216723437272,-0.19939251511475853,0.9970577005435518,-2.42219262623046
31899.0,A*02:01:01:01,0.0,0.0,0.0,-1.5284992681466092,-1.0139779509450049,0.6217548733773094,0.7029909431116096,2.5321565502345287,0.0,1.3144251476318334,0.7358554090335314
32668.0,A*02:01:01:01,1.0911517088698033,-0.0296266932086773,1.1198913060763118,-0.2556406083769926,0.6326037455916315,0.6367512803180548,-0.3574090685281696,-1.1558580913794463,0.0,1.6818635793625158,-0.7334259382616354
29718.0,A*02:01:01:01,0.0,0.0,0.0,1.1782262193482498,1.527031121298492,0.3335561385886966,0.0910462245113632,-0.1969364049150576,0.0,2.932923298831744,4.220843269049393
29731.0,A*02:01:01:01,-0.5363047090669756,0.0,0.0,-0.508902579778253,-0.3280186493797302,-0.2204562905864707,-0.2898933414270005,2.41556696264065,0.0,0.5319913924022202,0.8586618563923054
31843.0,A*02:01:01:01,0.0,0.0,0.0,0.05021656051845322,-0.21160829753531857,0.8995528555885071,0.0910462245113632,0.3183663422471469,0.2849490835957119,1.4325227689258635,-4.120148982118743
32427.0,A*02:01:01:01,0.0,0.197146626156111,-0.1064629004457594,2.1825640214363156,0.8930159539033428,-1.8896162704558832,-0.0072142203529122016,1.4154459380487723,0.0,2.684879148289987,1.4291133676008998
34340.0,A*02:01:01:01,0.0,0.0,0.0,3.002439433426043,2.7596304457393,0.3126910001247348,-0.0242646219996312,0.08546861043587983,0.0,6.135964867726328,5.148921226799754
32233.0,A*02:01:01:01,0.0,0.4628497918891168,0.0,0.5982146525563702,0.0,0.0,0.6774077593836736,0.0,0.0,1.7384722038291607,0.5239654283053019
32229.0,A*02:01:01:01,0.4997872226198,0.0,-0.130192491359008,1.2960105581432366,1.4718336305791815,1.021235259167307,0.4246087374349561,0.4687867733197783,0.0,5.0520696899052515,1.1562578753911408
33034.0,A*02:01:01:01,0.6493189565907639,0.4628497918891168,0.582757316497117,0.83622850927912,2.440518349256792,0.6142393859461496,0.4497738547678376,0.49028354319878126,0.213490119613567,6.739459827039244,-0.4169783211184488
5459.0,A*02:01:01:01,0.0,0.0,0.0,1.376600961233204,-0.0007437709528444,1.3328236631782309,-0.3656644133894921,0.8853647403110382,0.2118032677023908,3.440184448082527,1.5244283599573296
32058.0,A*02:01:01:01,-0.07625781509668972,0.0,-0.3045458785037858,1.8385055411804716,2.646138696252764,-0.5661027861753376,-0.7423801082116707,0.34236444855498066,0.0,3.1377220980007325,-3.1898800522318878
32138.0,A*02:01:01:01,0.0615322916886448,0.0,0.0,1.2475425932912494,-0.12077552152584115,0.6462471387134314,-0.18062657080210892,0.9078350933322508,0.0,2.561755024697626,2.7135226397546743
32304.0,A*02:01:01:01,0.0,0.0,0.0,-0.5560815784294315,0.8935714067943696,0.7609432847996341,2.0033087744154274,2.4227417642486615,0.0,5.524483651828661,4.054740700430146
32287.0,A*02:01:01:01,1.149106179210564,0.0,0.9136115608141068,1.1695603312526788,-0.5386783085029493,-0.5417314050763086,1.570625970324892,1.000954834068409,0.17574979163072,4.899198953722112,-3.801636539847089
32294.0,A*02:01:01:01,0.0,0.0,0.0,2.3884295734248213,1.055171697622435,0.2882995470005756,0.7016723813833048,0.20564421187884652,0.0,4.639217411309983,5.132044981544949
33144.0,A*02:01:01:01,-0.1746678249279927,0.0,0.354584416777905,2.9674139822667454,0.98722294811778,1.147234213866441,0.0,-0.4569331802384908,0.0,4.824854555862387,0.8679819459245548
32193.0,A*02:01:01:01,-1.1123497467834653,0.0,0.09922878246489125,-0.8730985947095912,0.0,0.2283360822330186,-0.5616405830461092,0.5841484190080095,0.0,-1.6353756408332463,0.12433328710645497
28822.0,A*02:01:01:01,0.0,0.5581599716934417,0.1772922083889525,5.759972079791446,1.039182093494164,1.3397984821912776,-0.2592502753149148,0.3919308592569167,-0.037824308667339,8.969261110833942,1.1848815525724765
32820.0,A*02:01:01:01,0.0,0.0,-0.258025862868893,1.6732254502413688,0.0,-0.8166283512787033,-1.4453920397778872,-0.3775968709440222,0.19833461075894093,-1.0260830638691958,9.951152598903613
31924.0,A*02:01:01:01,0.0,-0.0296266932086773,1.1198913060763118,-0.9238161978859023,-0.4274748790742353,-1.8167993389669257,-1.1791774061940983,1.1542304387851545,0.0,-2.102772770468372,-2.756352827563415
32460.0,A*02:01:01:01,0.7589605196359129,-0.0296266932086773,0.9136115608141068,-0.9501841290881059,-1.462122530157748,-0.7967036465241795,0.3564419149756184,2.0705186678284635,0.0,0.8608956642753909,-2.7414527064957697
32042.0,A*02:01:01:01,-0.07625781509668972,0.197146626156111,0.0,-0.668800829702294,-0.12927540577246677,-0.0640155055345638,0.3587276302564744,0.575824966840123,0.0,0.19334966714669405,1.1308116751336539
32807.0,A*02:01:01:01,0.0,0.0,0.0,0.2738567594713794,-0.7091021323937484,-0.39237444882070227,-0.4948163466276818,0.5032886807411587,0.2849490835957119,-0.5341984040338824,-1.0974795982603767
32067.0,A*02:01:01:01,0.0,0.0,0.0,1.3544026563709952,0.6394104078726646,0.0,0.0,1.2667369108292716,0.0,3.2605499750729314,7.09126880477567
32707.0,A*02:01:01:01,0.0,0.0,0.0,0.8158617486263031,0.5675127421227577,0.2956796542981982,-0.1296251376574574,1.7880313316317111,0.213490119613567,3.5509504586350795,2.2146546859525396
31799.0,A*02:01:01:01,0.0,0.0,0.582757316497117,0.65748049868415,0.4801079037483249,3.749719108012565,-0.6166593438430844,-0.21050935420555994,-0.037824308667339,4.605071820226173,3.0386527423729057
32517.0,A*02:01:01:01,0.0,0.0,0.0,-0.9803663382017311,2.4626389795305585,0.6357434887639009,1.2354288374786115,-1.7274626698582347,0.0,1.6259822977131053,3.9424353125501366
32190.0,A*02:01:01:01,-0.17724445290581992,0.0,-0.0532314502228797,0.2176470960699329,-0.2002577282871719,1.1674954789087153,0.6802549363600109,0.0,0.0,1.6346638799227877,3.974433360735259
32386.0,A*02:01:01:01,0.0,0.0,0.0,1.204815061500238,1.0393059865576029,0.889642979037154,-0.2496938885946969,-0.34774390779434067,0.0,2.5363262307059573,2.04132981976765
30755.0,A*02:01:01:01,0.0,0.0,-0.0168638060520049,0.04147065904718711,0.1124894501757476,1.4342296951766778,2.0260877542019413,0.4903709320701692,0.11553536316497737,4.203320047784696,-3.9690823188028768
33063.0,A*02:01:01:01,-0.1009866378091302,-0.29929026015778,0.27821143799333126,0.5982146525563702,-0.39144846347788786,-0.029806025545262085,-0.3574090685281696,-0.822366482896371,0.0,-1.1248808478648993,-1.1631014334736918
33104.0,A*02:01:01:01,0.0,0.0,0.0,-0.323606305867556,0.0,0.3863282176079776,0.8969744396534074,-0.17251544553905068,0.0,0.7871809058547783,6.333497996574483
32073.0,A*02:01:01:01,0.0,0.0,0.0,1.6030082230162461,0.87088395603363,0.21280093681962745,-0.4052041879379949,-0.4904583209415571,0.0,1.7910306069899513,-1.9231335247175778
32045.0,A*02:01:01:01,0.0,0.0,0.0,0.5710624552546384,3.2736437245407366,0.8531784870521326,-1.4913053744455214,0.5303256112596164,0.0,3.7369049036616024,4.391422860289721
31954.0,A*02:01:01:01,0.9901650710606731,0.0,-0.3045458785037858,2.153370687788052,0.3589365609322942,0.25893959467185085,0.25092673785220027,1.3449177424187795,0.0,5.052710516220064,1.43888132810673
32456.0,A*02:01:01:01,0.0,0.0,0.0,0.0,1.2880955602375324,0.2956796542981982,-0.1296251376574574,2.2467409542586885,0.213490119613567,3.914381150750529,3.5338164701258545
31865.0,A*02:01:01:01,0.5662814545086953,0.4628497918891168,-0.3045458785037858,2.2246294588594577,2.0003732697776324,0.7460867285906982,-0.535090245765622,-0.44684172680927553,0.0,4.713742852546916,3.240880622679606
31862.0,A*02:01:01:01,0.0,0.0,0.0,2.3068007466345444,0.5037888591984345,0.8386538122334678,-0.5381363406778912,-0.3273766049699073,0.6065327077231742,3.390263180141823,4.42505227675909
32828.0,A*02:01:01:01,1.5909389314896032,-0.0296266932086773,0.9136115608141068,-0.6850790168009988,0.5931254604576677,0.597228040119613,-0.1360887163712074,0.7909707531929397,0.0,3.635080319693047,-5.825763093174988
34495.0,A*02:01:01:01,0.3980045283098578,0.0,-0.0168638060520049,0.0287465681779356,1.0190644706801306,0.05277207901928101,-1.2018848580485222,0.8102650276039376,0.1365290784774385,1.2266330881680538,3.480032673421762
31959.0,A*02:01:01:01,0.0,0.4628497918891168,-0.3045458785037858,1.4230351818458025,-0.33210768161043147,0.4581985837959731,-0.3574090685281696,0.15752949893235674,0.0,1.5075504278208625,-1.0949133762406162
32910.0,A*02:01:01:01,-0.5363047090669756,0.0,0.0,-0.7645431881552457,-0.8186012294876537,1.1173059875484466,-0.5373015147408413,-0.7787198256944494,0.0,-2.318164479596719,4.478264200079329
21450.0,A*02:01:01:01,0.0,0.0,0.0,1.7055299134109188,1.4190732048927432,-0.11873381820650364,-0.2859870864599351,0.46694587484676064,0.0,3.186828088483984,1.507177161587229
31828.0,A*02:01:01:01,0.0,0.0,0.0,0.3496160969540567,2.0394574737870004,-0.08637241263584008,-0.1375628663696602,-0.3283972650242933,0.6065327077231742,2.4432737344344373,-5.986444683174753
32330.0,A*02:01:01:01,0.6493189565907639,0.4628497918891168,-0.3045458785037858,0.949991826705169,0.0,0.3254650350445501,0.8157068687455825,0.4903709320701692,0.0,3.389157532541566,-0.6628220741161724
31869.0,A*02:01:01:01,0.0,0.0,0.0,2.844466082167788,5.417387401600839,0.18601203190691767,-0.0242646219996312,1.3028289015731196,0.0,9.726429795249034,1.6738285353220772
32952.0,A*02:01:01:01,0.0,0.0,0.0,0.869558831879548,2.6951638223745995,0.7916763401349156,0.18957039846859725,1.7399115506596483,0.0,6.285880943517309,2.7790463995335415
31856.0,A*02:01:01:01,0.0,0.0,0.0,1.3838819724981932,-1.5353631083052062,0.05277207901928101,-0.6048172418420106,0.8549990323909498,0.0957070839571835,0.2471798177183908,-1.2337490150878652
32119.0,A*02:01:01:01,-0.5363047090669756,0.0,0.0,-0.5859881141567678,-1.2183488256835417,-0.9692756852170229,-0.5105647035958211,-0.05363003061846594,0.0,-3.874112068338595,2.4581846117930715
33066.0,A*02:01:01:01,-1.1588697624183584,0.0,-0.41947089773200563,0.3770096614948229,0.0,0.4156389693771772,-1.1581609279169829,1.277295599567955,0.0,-0.666557357627392,-4.810116350190439
33471.0,A*02:01:01:01,1.149106179210564,0.0,0.9136115608141068,0.5665949963227603,2.055272299170566,-0.10172247237996707,-1.2006460960301424,0.7898128387389624,0.0086957069675539,4.1807250128144045,-2.567034226275357
32338.0,A*02:01:01:01,0.0,0.0,0.0,1.5616211563801663,1.2013950821536727,0.5672007240672909,-0.17531661950544325,0.3454032727656045,0.0,3.5003036158612915,-2.202333695934391
32311.0,A*02:01:01:01,0.0,0.3938569204021653,0.206279745262205,-0.2648875525061167,-0.3268532205385108,0.28832103680557053,1.0980215593790994,-0.8343552734397371,0.0,0.5603832153646756,-2.4396018239635344
32501.0,A*02:01:01:01,0.0,0.0,0.0,0.8334668038989062,0.0,1.1733801225918996,-0.5663394154931305,0.6396045388128673,0.0,2.0801120498105425,1.747426542455302
33340.0,A*02:01:01:01,0.0,0.0573846837809523,0.0521290654349465,2.585802065360614,2.9593196263181394,0.47282283101654987,-0.002285715280856,1.6467918099234904,0.0,7.771964366553836,2.2434561890008182
31966.0,A*02:01:01:01,-0.5760450377164897,0.4628497918891168,-0.130192491359008,0.04966535975437747,0.0,-0.6025404096719142,-1.070180491531244,-0.5624318205666462,0.0,-2.428875099201808,-3.274914909860783
31892.0,A*02:01:01:01,-0.33501047500317216,0.0,0.1772922083889525,1.0340269170538263,0.7332254041273559,0.3974100408106722,0.28320287978612857,0.0,0.0,2.290146975163763,2.764037815936266
32273.0,A*02:01:01:01,0.0,0.0,0.0,-0.6510905256581919,3.934246155349816,-0.5015222600105024,0.2343639829535436,-0.6354259802461215,0.0,2.3805713723885438,4.087502904541335
32685.0,A*02:01:01:01,0.0,0.0,0.0,1.376913967079502,4.628532499375489,0.7426211967663925,-0.5137710173306473,2.5321565502345287,0.0,8.766453196125266,-1.273756620045698
31969.0,A*02:01:01:01,0.0,0.0,0.0,1.0946983915520838,0.0,0.8961269708543872,0.7466395509529945,0.022176262894412047,0.0,2.7596411762538775,-0.08761939018468878
32200.0,A*02:01:01:01,0.0,0.0,0.0,0.5079431975515083,-1.5553629492270478,0.3335561385886966,0.0910462245113632,0.1629943271002619,-0.5974400966027618,-1.0572631580779794,7.115542859600518
21378.0,A*02:01:01:01,0.0,0.4628497918891168,0.0,0.3840447032265647,0.5455923686020018,0.458876151481235,0.5015170929200096,-0.947216723437272,0.0,1.405663384681656,-3.985000584026267
32041.0,A*02:01:01:01,0.4997872226198,0.0,0.582757316497117,-0.6815249205715456,-0.527854719778527,-0.1273179325716067,1.501791681495418,0.3080493752762145,0.0,1.5556880229668701,1.135348597678641
32056.0,A*02:01:01:01,0.0,0.0,0.0,-0.18699326158091067,-0.4286403079154547,1.4526315325405275,-0.2496938885946969,1.0573230588383866,0.2849490835957119,1.9295762168835635,-0.15737296543772028
14772.0,A*02:01:01:01,0.0,0.0,0.0,-0.09992697639196413,-1.1976791255450339,1.3164245627176512,-0.5616405830461092,1.7399115506596483,0.0,1.1970894283941922,-0.8219782885224856
32842.0,A*02:01:01:01,0.0,0.0,0.0,1.4718603400323018,0.0,0.6727096533333582,0.38539470469925796,0.6752932705641811,0.0,3.205257968629099,1.354701771948028
32993.0,A*02:01:01:01,0.0,0.0,0.0,-1.2973656836504193,-0.16743061694054412,0.5618922208217152,1.240917853942741,1.6467918099234904,0.0,1.9848055840969832,0.21746417311292243
32030.0,A*02:01:01:01,0.4330958481211279,0.0,0.0,-0.8554401919274439,0.13909898276827115,0.20130965981594082,0.0,-1.2267164462989375,0.0,-1.3086521475210415,4.867301796816274
22586.0,A*02:01:01:01,0.0,0.0,0.582757316497117,-0.1690518395967707,-0.527854719778527,-0.20186378612393238,1.1443826129672483,-0.1443445685723539,0.0,0.6840250153927813,1.4966734280772245
33236.0,A*02:01:01:01,0.0,0.0,0.0,-0.22689404019905698,0.38541286388224044,0.3791847886527606,-1.0030909387971303,2.786922710552676,0.2221858265811209,2.5437212106726106,-1.1522170818562625
33000.0,A*02:01:01:01,0.0,0.0,0.0,0.4141902937454956,1.519205035173687,0.913681547250045,-0.0242646219996312,1.7707294806220764,0.0,4.593541734791672,4.844856019342652
21443.0,A*02:01:01:01,0.4330958481211279,0.5581599716934417,0.6298570335270615,1.5446698546260587,1.046923217550167,0.1976030268977372,-1.1361820211982077,0.47893466539012713,0.0,3.753061596607514,0.4832380305834511
30139.0,A*02:01:01:01,-0.5760450377164897,0.4628497918891168,0.04709971702994448,0.9460505341997987,0.87088395603363,0.5654980415279561,0.7489252662338505,-0.9140044851473104,0.0,2.151257784050496,1.2637230422053827
30231.0,A*02:01:01:01,0.0,0.0,0.0521290654349465,0.012133183943208031,-0.5540481977916742,0.17971203530046023,0.2717348225998878,1.2902752242383468,-0.086614472836771,1.165321660888404,-0.015469033268929844
33103.0,A*02:01:01:01,0.0,0.0,0.0,-0.6397095945021953,1.6144979708239506,-0.3539282662317018,0.3437210782958556,0.1707003450256771,-0.086614472836771,1.048667060574815,4.379462730448509
31896.0,A*02:01:01:01,0.0,0.0,0.206279745262205,1.4916292209194573,0.8862606022120564,-1.8896162704558832,-0.0072142203529122016,1.4154459380487723,0.0,2.102785015633695,-0.8962697352856082
34348.0,A*02:01:01:01,0.0,0.0,0.0,1.0987620479940028,1.7646146280387351,-0.0307330553352814,-0.2474081733138409,-0.6747202214797552,0.0,1.9105152259038602,5.897413976905836
34501.0,A*02:01:01:01,-0.33219118923389035,0.0,0.0,0.2521391787382271,2.3628013707254025,0.797318876591047,0.9333184968817945,-0.22902760095495878,0.0086957069675539,3.7930548397151758,4.245104016139228
32743.0,A*02:01:01:01,0.0,0.0,0.0,0.27460834668881423,-0.9234659027565117,0.5652202873523311,0.5878301228554914,1.0859017756061276,0.0,1.5900946297462526,3.681531776874917
32844.0,A*02:01:01:01,0.0,0.0,0.0,0.7990743480924043,-1.3145941252068514,1.3198749550939817,-0.0385789131460942,0.3183663422471469,0.2849490835957119,1.3690916906762993,-0.7680564942429218
31978.0,A*02:01:01:01,0.0,0.0,0.206279745262205,0.8597664413848074,-0.3008793868228964,0.30187248750429874,0.0,0.6752932705641811,0.0,1.742332557892596,1.1433390738252336
31845.0,A*02:01:01:01,0.0,0.0,0.0,0.1405615616914182,0.42390076533933885,-0.08085733391600525,-0.19884711691563733,-0.8316266296799013,0.0086957069675539,-0.5381730465132328,1.6248610952409073
31808.0,A*02:01:01:01,0.0,0.0,0.0,0.31675234842917965,1.3682773237223353,0.18537306755312807,3.913699916207493,1.3028289015731196,0.0,7.086931557485256,2.6625837376514734
31700.0,A*02:01:01:01,0.0,0.0,0.0,0.6162535482652429,1.1208994484126675,1.3972746557541649,1.0069753348677362,-1.0408910883542861,0.0,3.100511898945525,-0.7733623274337955
33046.0,A*02:01:01:01,0.0,0.0,0.0,0.5859108560934897,0.5480481543706954,1.0374946549664492,0.7016723813833048,-0.9679843175461984,0.0,1.9051417292677406,-1.0786733302946492
301.0,A*02:01:01:01,0.6493189565907639,0.4628497918891168,-0.260384982718016,-0.14742986884481019,0.8877477620856353,0.5841153576064252,0.6962025920553773,-0.3851851941551186,0.0,2.487234414509374,1.3796291411269785
32558.0,A*02:01:01:01,0.0,0.0,0.0,2.8152184713319945,1.1405475229827329,0.9419267930116295,-1.4831033517865535,0.08546861043587972,0.2849490835957119,3.785007129571395,3.492113960771774
33042.0,A*02:01:01:01,-0.1746678249279927,0.0,0.7600495248860695,0.5174552199539737,-0.4005154565743438,0.3052181048285747,0.0,1.6467044210521025,0.0,2.654243989218384,-0.596239062847173
32853.0,A*02:01:01:01,-0.1746678249279927,0.2805282350951621,-0.08073365447994052,0.7884552938672819,2.6597488966229736,-0.650045735568954,0.9343811752162882,1.3703828390578618,0.0,5.128049224882681,1.8981426326503015
33023.0,A*02:01:01:01,0.0,0.0,0.0,-7.84322433397544e-05,0.0,-0.1581937101641424,0.5165554572795696,1.4409767372230908,0.0,1.7992600520951783,-0.7250480682971153
32039.0,A*02:01:01:01,0.0,0.0,0.0,0.1709972379858404,0.0,0.5897943066018174,-0.3874627808509043,0.40384252353944594,0.0,0.7771712872761996,1.2715626030199303
34534.0,A*02:01:01:01,0.4746511316627712,0.2805282350951621,-0.4347383698627938,1.2896103022826195,-0.91683492257398,0.3015483858214147,1.5928379060067812,-0.48613596804290893,1.141339555103328,3.242806255492394,1.704793838943986
33143.0,A*02:01:01:01,-0.5760450377164897,0.4628497918891168,-0.130192491359008,0.0,-0.3165967203713219,0.6480580579832962,-0.535090245765622,-1.5096485440039182,0.0,-1.9566651893439468,1.4131790630266858
32024.0,A*02:01:01:01,0.0,0.0,0.0,0.7768510856010464,-0.286680633592412,-0.24506236489651778,0.5015170929200096,1.4434901300517602,0.6065327077231742,2.7966480178070605,-2.349600391642892
31933.0,A*02:01:01:01,0.0,0.0,0.0,1.8284636855999126,1.3654913071128296,1.2506761874518748,-0.40377012211631863,-1.0408910883542861,0.0,2.9999699696940123,2.135213489510198
32855.0,A*02:01:01:01,-0.6125625241636653,0.0,0.1772922083889525,2.2621887866534403,0.31052439714536306,0.39096214717675,2.0571869720912512,-0.4618796041738159,0.0,4.123712383118276,4.1475653764296405
30072.0,A*02:01:01:01,-1.1123497467834653,0.1635595317313368,0.0,-0.9816540012639366,-0.43763784594726257,0.7082102443001999,-0.6647153834230795,0.3919308592569167,0.0,-1.9326563421292908,4.727676063840698
32745.0,A*02:01:01:01,0.0,0.0,0.0,-0.7102714887494812,0.5075228191960862,0.0,0.0,-0.05923052869687512,0.2849490835957119,0.02296988534544181,1.9162808681520787
32988.0,A*02:01:01:01,0.0,0.0,0.206279745262205,-0.6031225521878878,-0.49132635106076794,0.4744546570689234,0.0,-1.312824803837928,0.0,-1.7265393047554554,3.6283085080100377
31781.0,A*02:01:01:01,0.3238965561561359,0.0,0.582757316497117,-1.2139835307724822,-0.020417562344602597,-0.728863703346595,0.0,1.4409767372230908,0.0,0.38436581341266396,1.930239273229318
,,,,,,,,,,,,
32804.0,A*02:01:01:01,0.0,0.0,0.0,1.392396168678055,-0.33265037176425405,0.5985027375516134,-0.28598708645993515,0.6924432915082992,-0.5974400966027618,1.4672646429110168,0.8974208859085806
32799.0,A*02:01:01:01,0.0,0.0,0.0,4.332661741263055,1.968995757661006,0.9025604227517201,-1.0428500814059882,0.8133038518145611,0.0,6.974671692084355,4.638244007087785
32674.0,A*02:01:01:01,0.4330958481211279,0.0,0.0,-0.061823245974925445,0.1798401659425693,0.7491951079658739,0.0,-1.4660319498716365,0.0,-0.16572407381699095,1.0293889633310247
32658.0,A*02:01:01:01,0.0,0.0,0.0,-0.2556406083769926,0.19022894721788064,0.3335561385886966,0.0910462245113632,2.0087087904507284,-0.086614472836771,2.2812850195549053,1.3422663087954738
31848.0,A*02:01:01:01,-1.0726094181339512,0.0,0.0,2.070074992588672,2.080335548137322,0.30282308325341517,-1.0428500814059884,0.18483494962262398,0.0,2.522609074062094,-2.0444235682298317
32072.0,A*02:01:01:01,0.0,0.0,0.0,-0.0709546524466251,2.1150621206698204,0.8359822136875791,0.11285548088773556,1.1429776978003776,0.0,4.135922860598887,-0.8209513900345149
21458.0,A*02:01:01:01,0.3980045283098578,0.0,-0.6259555630595764,0.26276520580296775,0.0,0.3335561385886966,0.064495887230876,1.7707294806220764,0.0,2.203595677494898,2.9763077932004656
32092.0,A*02:01:01:01,0.0,-0.0296266932086773,0.609065682310321,-0.17579303950898983,-0.5078588153222995,-0.8697349508116544,0.843315783614842,1.4981933471355253,0.0,1.3675613142090675,-2.76408632483846
32358.0,A*02:01:01:01,0.0,0.0,0.27821143799333126,0.6698309021224882,0.0,-0.0307330553352814,-0.2959374173131033,0.39490641936948107,0.0,1.0162782868369158,3.8132976859690535
1475.0,A*02:01:01:01,0.8506131906545673,0.0,-0.258025862868893,1.0289987695612606,-0.5909624208122154,-0.14553527059701138,-0.6715670319548013,-0.08718615473240532,0.0,0.12633521925050162,-2.1234398111001522
2061.0,A*02:01:01:01,0.0615322916886448,0.0,0.0,-0.02090093171716038,-0.12020978816532102,-0.0320077527672819,-0.2474081733138409,0.6752932705641811,0.0,0.3162989162892217,-1.1164178485043754
32089.0,A*02:01:01:01,-0.07625781509668972,0.0,0.9136115608141068,0.43417139947683236,0.46518104403520355,-1.2073612855511526,-0.009047610675811502,0.994229970141622,0.0,1.514527263144111,-3.166466960420273
32055.0,A*02:01:01:01,0.0,0.0,0.0,1.1687617154381351,-0.5540481977916742,0.5985027375516134,-1.1666663040335146,2.3219976916162834,0.0,2.368547642780843,-0.9959809477693956
21380.0,A*02:01:01:01,0.0,0.0,0.0,-0.4318170453997384,0.059630377777248444,-0.0320077527672819,0.3587276302564744,-0.5218540506449884,0.0086957069675539,-0.5586251338107319,1.4264810154652428
32697.0,A*02:01:01:01,0.16759603338590967,0.0,-0.0532314502228797,0.2176470960699329,-0.2002577282871719,1.3458025782840082,0.7975479440749969,0.0,0.0,2.275104473304796,4.015603092679245
21382.0,A*02:01:01:01,0.0,0.0,0.0,2.5224868260585294,0.6599480696908941,0.6724495111074553,-0.4004492960633027,0.322932919744392,0.0,3.777368030537968,-1.2478129470136021
32069.0,A*02:01:01:01,-0.1009866378091302,-0.29929026015778,0.582757316497117,0.6565223823218087,0.0,0.17072421061474072,0.09236478623966798,0.4903709320701692,0.0,1.5924627297765934,-0.8461424465146262
31858.0,A*02:01:01:01,1.5424917616641272,0.0,0.0,3.2889343429113707,0.8260541930802956,0.46008870611889147,0.0,2.0416982292929715,0.0,8.159267233067656,-1.6888637398335773
32536.0,A*02:01:01:01,0.0,0.0,0.0,1.3398763833006244,0.0,0.8351233289888111,-0.7286603055804154,0.8348409336527753,0.0,2.2811803403617956,-0.27318262928487946
32411.0,A*02:01:01:01,-0.5760450377164897,0.0,0.0521290654349465,-1.0093105628619392,1.9105139685027137,-0.1258355358690576,0.683609541942736,0.6022991108847058,0.0,1.5373605503176155,-2.8015798903803155
30991.0,A*02:01:01:01,0.0,0.0,0.0,1.0202528680899947,0.1790963949897249,-0.27544675753143266,-0.537375961046478,0.0,0.30919720357075053,0.6957237480725594,-1.4074056723113049
32252.0,A*02:01:01:01,0.0,0.0,0.0,0.6396853116035573,-0.14817848343716095,1.1876849335776107,0.26113173517129357,1.0573230588383866,0.2849490835957119,3.282595639349399,0.7380898608794311
21663.0,A*02:01:01:01,0.4330958481211279,0.0,0.0,1.7234984761126708,0.6462140271377262,-0.130824175206674,0.0,0.47663366189042505,0.0,3.148617838055276,0.7510033996799468
32955.0,A*02:01:01:01,0.7589605196359129,-0.0296266932086773,0.9136115608141068,0.0385944696018059,-1.2354693102665866,0.3850535201759771,0.0910462245113632,0.39184347038552875,0.0,1.3140137616494307,1.888131141214438
32494.0,A*02:01:01:01,0.0,0.0,0.0,1.0489994362679302,1.9395902018593625,0.2562917942332937,0.7016723813833048,0.23099905621431932,0.7022397916803578,4.879792661638568,1.5462087653064613
21963.0,A*02:01:01:01,-0.1009866378091302,0.1635595317313368,-0.130192491359008,-1.1287392030865837,-0.7552915148631232,-0.5137560674657631,-2.215015533907524,1.8012817529667098,-0.5974400966027618,-3.476580260395848,2.153131396783576
32050.0,A*02:01:01:01,0.0,0.0,0.0,-0.3641960149313381,-0.20100149924001628,1.0034857512445203,-0.3574090685281696,-0.822366482896371,0.0,-0.7414873143513747,2.0385524106163984
32500.0,A*02:01:01:01,0.0,0.0,0.0,1.4614559851565074,0.9931128104984164,0.6462471387134314,1.6244040553321304,1.7166622593518008,0.0,6.441882249052286,-2.185958278378248
32315.0,A*02:01:01:01,0.0,-0.0296266932086773,0.8967477547621019,-1.014251063327053,0.31936080659921545,-0.7365482867168311,1.0303462993170447,-0.627057730575605,0.0,-0.16102891314980428,-2.8307158968805486
32640.0,A*02:01:01:01,0.0,0.0,0.0,2.746940187287752,0.0,0.4781800827933218,0.1578278270230952,0.011911664282529322,0.0,3.394859761386698,0.8518060345991543
32047.0,A*02:01:01:01,0.0,0.0,0.0,-0.8231913922755856,1.9662936803601534,1.0796428671793947,-0.17531661950544325,-0.6354259802461215,0.0,1.4120025555123974,-1.32052121297553
32031.0,A*02:01:01:01,0.4330958481211279,0.0,0.0,6.801796549919803e-05,0.9677047101433223,0.0972238415901149,0.0,1.3903038116054334,0.0,2.8883962294254975,2.9512418061276477
32341.0,A*02:01:01:01,0.0,0.0,0.0,-0.5112812167539852,2.2725935428346613,0.11922682902746021,0.8399714907452137,-0.2543824452904317,0.0,2.466128200562918,1.5599488292600285
31872.0,A*02:01:01:01,0.0,0.0,0.0,-0.896575819884756,0.1798401659425693,0.6671122771773932,0.2731386735340896,0.4903709320701692,0.0,0.7138862288394652,0.590213926143112
33054.0,A*02:01:01:01,0.0,-0.29929026015778,0.32473145362822403,-0.8870766639428898,-0.21086452658247418,0.5921990893938345,0.04838590874495424,1.084359989356844,0.0,0.652444990440713,3.8207768173637118
32296.0,A*02:01:01:01,0.0,0.0,0.0,1.2932268337904842,0.3635261271138299,0.9287132982864792,-0.004927554768647979,0.8852773514396501,0.0,3.465816055861796,2.844066299407105
32369.0,A*02:01:01:01,0.0,0.0,0.0,1.026918642647755,-0.2713784606472892,-1.483243200378229,-0.2474081733138409,1.7166622593518008,0.0,0.7415510676601967,-2.270648851630126
32808.0,A*02:01:01:01,0.0,0.0,0.0,1.5014878581936426,2.1739598535698876,0.23814514657240907,0.9667014357297959,-0.822366482896371,0.0957070839571835,4.153634895126547,2.6887600757263885
31975.0,A*02:01:01:01,0.0,0.0,0.582757316497117,3.0078402808942384,0.6257964647931237,0.48819615080654327,-0.15636194880247772,0.7908833643215518,0.0,5.339111628510096,0.9297178824806747
31928.0,A*02:01:01:01,0.6493189565907639,0.0,0.0,-0.3676974445701036,-0.32129694916749896,1.146368980259803,-0.5137710173306473,4.465454825882583,0.0,5.0583773516649,1.69175388946891
32453.0,A*02:01:01:01,-0.5363047090669756,0.0,-0.130192491359008,1.3434319622840918,0.8260541930802956,-0.4455302489131784,0.0,1.3252992545943323,0.0,2.382757960619558,-1.103705639489565
32284.0,A*02:01:01:01,0.0,0.0,0.0,0.46759884894177284,-0.16817438789338846,0.6933146495714172,-0.5302609075852932,0.322932919744392,0.0,0.7854111227789004,-1.6446041546692982
21674.0,A*02:01:01:01,0.0,-0.29929026015778,0.45256482513810903,-1.23252339959037,0.9365574057313173,-0.09510248053377618,-0.04880235713915296,-0.6392547370324453,0.0086957069675539,-0.917155296616544,3.353680577370042
32800.0,A*02:01:01:01,0.4946281398097727,0.0,0.582757316497117,2.207677055437634,1.9760447127946532,0.339818418392851,1.6458997058872578,0.8830430354706529,0.0,8.129868384289939,6.5403004589266
31887.0,A*02:01:01:01,0.0,0.0,0.0,0.5665040105545204,1.0146378635655413,0.31577530784056157,-1.3102589214264992,0.8390854661394295,0.0,1.4257437266735535,2.991431245742927
32827.0,A*02:01:01:01,0.0,0.0,-0.3045458785037858,2.6929729036583305,-2.0328939045276364,0.889642979037154,0.2000799661731407,-0.5769069114573118,0.0,0.8683491543798911,1.0275829953878703
32518.0,A*02:01:01:01,0.0,0.0,0.0,-0.03799351230705969,1.0374359420546462,0.5532461459634924,0.32463907041200646,-0.8787734081056033,-0.5974400966027618,0.40111414141472035,4.617807166500918
32720.0,A*02:01:01:01,-0.5363047090669756,0.0,0.0,-0.8754772316853232,-0.8549275846145706,0.3576499966360439,-0.251787632700174,-0.2521107742295133,0.0,-2.412957935660513,-0.7818364122550008
32533.0,A*02:01:01:01,0.0,0.0,0.0,-0.3641960149313381,-0.4005154565743438,-0.9319374886427303,0.2634174504521496,-0.8636481418696749,0.0,-2.2968796515659373,-2.550717854680235
33167.0,A*02:01:01:01,0.0,0.0,0.0,-0.5181495239073771,-0.9345899234436903,-0.3958039358703034,0.0910462245113632,1.5077318693083994,0.213490119613567,-0.03627516978804124,0.7006551034339084
