CDR3.beta,Epitope,Label
CASSLEGDVFFF,GLMWLSYFV,0
CASSQGFGANVLTF,GLMWLSYFV,1
CASSPVGWGNTIYF,GLMWLSYFV,1
CASSEALSGGSETQYF,GLMWLSYFV,1
CASKGLAGYNEQFF,GLMWLSYFV,1
CASSWYTTGQETQYF,GLMWLSYFV,1
CASSVGADEYYEQYF,GLMWLSYFV,1
CSARSLAVSTDTQYF,GLMWLSYFV,1
CAWSWTDYEQYF,GLMWLSYFV,1
CASSVTEMGGTEAFF,GLMWLSYFV,1
CASSSETGWGTEAFF,GLMWLSYFV,1
CASSLGGHGQPQHF,GLMWLSYFV,1
CASSQNYEQYF,GLMWLSYFV,1
CSVEAEGTATNEKLFF,GLMWLSYFV,1
CASGGGQGGNNEQFF,GLMWLSYFV,1
CASSTMGDYYEQYF,GLMWLSYFV,1
CASSLWAGNTIYF,GLMWLSYFV,1
CASSGLAGGPHEQFF,GLMWLSYFV,1
CASSQASNQPQHF,GLMWLSYFV,1
CASSLGEARPQETQYF,GLMWLSYFV,1
CASSLLGYEQYF,GLMWLSYFV,1
CASSLPGQMIRWDTEAFF,GLMWLSYFV,1
CASRTLRGHVSEAFF,GLMWLSYFV,1
CAIRDNNEQFF,GLMWLSYFV,1
CASSLYGSRPQHF,GLMWLSYFV,1
CSARVGDTGELFF,GLMWLSYFV,1
CASSPTRGLEIEKLFF,GLMWLSYFV,1
CATSSMGYSNQPQHF,GLMWLSYFV,1
CASSQGGDEQFF,GLMWLSYFV,1
CASSQDSPRAGFSDTQYF,GLMWLSYFV,1
CASSLTGDHTDTQYF,GLMWLSYFV,1
CASSLNWREITDTQYF,GLMWLSYFV,1
CASTFAHAGDSNEQFF,GLMWLSYFV,1
CASSLGTSGSTDTQYF,GLMWLSYFV,1
CASSLVGLGTEAFF,GLMWLSYFV,1
CASRAVINTDTQYF,GLMWLSYFV,1
CASSLAGDQEPQYEQYF,GLMWLSYFV,1
CASSLALSTEYSSF,GLMWLSYFV,1
CASSLGTTQETQYF,GLMWLSYFV,1
CASSLSVSSYNEQFF,GLMWLSYFV,1
CASSSGEGTEAYNEQFF,GLMWLSYFV,1
CASSPPRLGAFF,GLMWLSYFV,1
CASSPLTGESMSEKLFF,GLMWLSYFV,1
CASSYRRTSGRAYHEQFF,GLMWLSYFV,1
CASSADQLEQFF,GLMWLSYFV,1
CARQTTGTTVGYTF,GLMWLSYFV,1
CASSLSGYEQYF,GLMWLSYFV,1
CASSGELRGAEKLFF,GLMWLSYFV,1
CASSQDVTSEWVDTIYF,GLMWLSYFV,1
CASSIYGTSGSNEQFF,GLMWLSYFV,1
CASSQTTPLTYNYEQYF,GLMWLSYFV,1
CASSLRGTDTQYF,GLMWLSYFV,1
CASSQGGQGAPYEQYF,GLMWLSYFV,1
CASSFGGGLQETQYF,GLMWLSYFV,1
CASSQEAREVVYEQYF,GLMWLSYFV,1
CASSLLGSNQETQYF,GLMWLSYFV,1
CASSFAQRGHRETQYF,GLMWLSYFV,1
CASSEDGMNTEAFF,GLMWLSYFV,1
CASSQDSGPQYEQYF,GLMWLSYFV,1
CASSQERGGPDTQYF,GLMWLSYFV,1
CASSVTSSRGGTDTQYF,GLMWLSYFV,1
CASRQTSGTYNEQFF,GLMWLSYFV,1
CASSLGTSGRAGETQYF,GLMWLSYFV,1
CASRPGTASYEQYF,GLMWLSYFV,1
CSARDQSRATDTQYF,GLMWLSYFV,1
CAISESNDGNEQFF,GLMWLSYFV,1
CASSHFSGTFPYEQYF,GLMWLSYFV,1
CSVEDGYEQYF,GLMWLSYFV,1
CASSLESGFLSGYTF,GLMWLSYFV,1
CASSEVGVFEAFF,GLMWLSYFV,1
CASSLLSGSSYEQYF,GLMWLSYFV,1
CASSLEGDPSYEQYF,GLMWLSYFV,1
CASSLGPADTQYF,GLMWLSYFV,1
CASSAHTSGGKNIQYF,GLMWLSYFV,1
CATRERQGWVEAFF,GLMWLSYFV,1
CASSDQLLEEWSSYNEQFF,GLMWLSYFV,1
CASSQGGGVNEQFF,GLMWLSYFV,1
CASNWFRDNTGELFF,GLMWLSYFV,1
CASSPDGLTENTEAFF,GLMWLSYFV,1
CASSPHAGGVDEKLFF,GLMWLSYFV,1
CASSWVPPGQGRTGELFF,GLMWLSYFV,1
CASSPGVGTEAFF,GLMWLSYFV,1
CASSIDRWTQGNQPQHF,GLMWLSYFV,1
CATSRVKTSGGYEQYF,GLMWLSYFV,1
CASITKDRAYEQYF,GLMWLSYFV,1
CASSAGSFRHPYSNQPQHF,GLMWLSYFV,1
CASSLYSPAHTEAFF,GLMWLSYFV,1
CASSLTRTALNTEAFF,GLMWLSYFV,1
CASRGLALYNEQFF,GLMWLSYFV,1
CASSPGTVKETQYF,GLMWLSYFV,1
CASSPGASYEQYF,GLMWLSYFV,1
CATGTGGGYGYTF,GLMWLSYFV,1
CASSHQAGALYNEQFF,GLMWLSYFV,1
CSARGKGAISHHTEAFF,GLMWLSYFV,1
CASTFIFVRGADSSYEQYF,GLMWLSYFV,1
CASSLMVNEQYF,GLMWLSYFV,1
CAISEGAPNTEAFF,GLMWLSYFV,1
CASSANRGPDTEAFF,GLMWLSYFV,1
CASSLGTGYEQYF,GLMWLSYFV,1
CASSERLDLAGGRNEQFF,GLMWLSYFV,1
CASSLENTGELFF,GLMWLSYFV,1
CASSENEQFF,GLMWLSYFV,1
CASSQVGDEQFF,GLMWLSYFV,1
CASSLELAGVDTQYF,GLMWLSYFV,1
CASSATGTGRTSAWYNEQFF,GLMWLSYFV,1
CASSLDRNTEAFF,GLMWLSYFV,1
CASSSLSEAFF,GLMWLSYFV,1
CASSQDMGWGTDTQYF,GLMWLSYFV,1
CASSLDGPSGSPHEQYF,GLMWLSYFV,1
CASSLELGQGRETQYF,GLMWLSYFV,1
CASRTRLGRNEQFF,GLMWLSYFV,1
CASSFLAGQRTDTEAFF,GLMWLSYFV,1
CASSQDPGPDTQYF,GLMWLSYFV,1
CASSHVTGYEQYF,GLMWLSYFV,1
CASSLGGEGYEQYF,GLMWLSYFV,1
CASSQVVTDNEQFF,GLMWLSYFV,1
CASSPEGRRMGPTNEKLFF,GLMWLSYFV,1
CASTVFQGSTNEQFF,GLMWLSYFV,1
CASSQYAVRVGDTEAFF,GLMWLSYFV,1
CATSPTRSTTDTQYF,GLMWLSYFV,1
CSVEIGWGQGDNGDYGYTF,GLMWLSYFV,1
CASILRAESSYNEQFF,GLMWLSYFV,1
CASSLRGTGAYGYTF,GLMWLSYFV,1
CASLGTPGLAGSSYEQYF,GLMWLSYFV,1
CASSLGGTSTAETQYF,GLMWLSYFV,1
CASSLDRVSYNEQFF,GLMWLSYFV,1
CASSIGGGLYEQYF,GLMWLSYFV,1
CASSYRVGRSSYEQYF,GLMWLSYFV,1
CSVEGSGGTQYF,GLMWLSYFV,1
CASTIGGDTGELFF,GLMWLSYFV,1
CASSTMGQGISPLHF,GLMWLSYFV,1
CASSVEEPGTVYEQYF,GLMWLSYFV,1
CASSQDLMEETQYF,GLMWLSYFV,1
CASSLQGGNYGYTF,GLMWLSYFV,1
CASSSGTSGSADTQYF,GLMWLSYFV,1
CASTRGQGRDGELFF,GLMWLSYFV,1
CASRMGHTDTQYF,GLMWLSYFV,1
CASSESRSGNQPQHF,GLMWLSYFV,1
CASSLGRGAYEQYF,GLMWLSYFV,1
CASSPIELVTYNEQFF,GLMWLSYFV,1
CASSLGQGATNTGELFF,GLMWLSYFV,1
CASSVLANTGELFF,GLMWLSYFV,1
CASSIETGTEITGELFF,GLMWLSYFV,1
CASSWTANTEAFF,GLMWLSYFV,1
CASSVGGGGSTDTQYF,GLMWLSYFV,1
CASSHHSGGIYNEQFF,GLMWLSYFV,1
CASSLDLGVDYGYTF,GLMWLSYFV,1
CASSEAFSGNTIYF,GLMWLSYFV,1
CASSLTSGSISTQYF,GLMWLSYFV,1
CASSYPLGTQYF,GLMWLSYFV,1
CASKPGAIEAFF,GLMWLSYFV,1
CASSMRHFSYEQYF,GLMWLSYFV,1
CASSEYGGYTF,GLMWLSYFV,1
CASSLVGYEQYF,GLMWLSYFV,1
CSARTGGDGYTF,GLMWLSYFV,1
CASSLGPAGAHNEQFF,GLMWLSYFV,1
CSARHLANNEQFF,GLMWLSYFV,1
CASSLGEDSSLKREPLHF,GLMWLSYFV,1
CASSPPLAGGYEQYF,GLMWLSYFV,1
CSAPGGRPQHF,GLMWLSYFV,1
CASSLHLMNTEAFF,GLMWLSYFV,1
CSARDFTYEQYF,GLMWLSYFV,1
CASIGSGYNEQFF,GLMWLSYFV,1
CAWSVGVSGANVLTF,GLMWLSYFV,1
CAINKGTGNTGELFF,GLMWLSYFV,1
CASSLSGGLLRTGELFF,GLMWLSYFV,1
CAWKPTGLGYGYTF,GLMWLSYFV,1
CASSPRTSGNTYEQYF,GLMWLSYFV,1
CASSDPTGGYETQYF,GLMWLSYFV,1
CASKVYGYTF,GLMWLSYFV,1
CASSVDRGAYNEQFF,GLMWLSYFV,1
CASSRSTGGSGNTIYF,GLMWLSYFV,1
CASSIDLSEGDTNQPQHF,GLMWLSYFV,1
CATSELSGETQYF,GLMWLSYFV,1
CASSEQGVVDTQYF,GLMWLSYFV,1
CASSVGMTDYNEQFF,GLMWLSYFV,1
CASNSLDREDGNTIYF,GLMWLSYFV,1
CASSMRVQSNTGELFF,GLMWLSYFV,1
CASSPPHPTGPTDTQYF,GLMWLSYFV,1
CASSGLRGTAEAFF,GLMWLSYFV,1
CASSYDRGFYNEQFF,GLMWLSYFV,1
CASSLGTGGQFF,GLMWLSYFV,1
CASSQDLGVDGYTF,GLMWLSYFV,1
CASSFPVTAITGNTEAFF,GLMWLSYFV,1
CASSLAQYYQPQHF,GLMWLSYFV,1
CASSPTLYNEQFF,GLMWLSYFV,1
CASTLGTEAFF,GLMWLSYFV,1
CASSLLAGSSYNEQFF,GLMWLSYFV,1
CSVELSHSYEQYF,GLMWLSYFV,1
CASSSLLQGVDYGYTF,GLMWLSYFV,1
CASSQDMRAGGPNEQFF,GLMWLSYFV,1
CSAWAQGSGYEQYF,GLMWLSYFV,1
CASSLMTNQPQHF,GLMWLSYFV,1
CASSPGREQYF,GLMWLSYFV,1
CATSSEDSSNQPQHF,GLMWLSYFV,1
CASSLTNPRQGAYNEQFF,GLMWLSYFV,1
CASSRSFAGGDTDTQYF,GLMWLSYFV,1
CSASAGLVGYEQYF,GLMWLSYFV,1
CASSLGRAGYGETQYF,GLMWLSYFV,1
CASYWTGPPHGYTF,GLMWLSYFV,1
CASSEAGGGYEQYF,GLMWLSYFV,1
CASIDRSYEQYF,GLMWLSYFV,1
CASSYSSRLQYF,GLMWLSYFV,1
CASWGPGTEGAYEQYF,GLMWLSYFV,1
CSVEQRDTGELFF,GLMWLSYFV,1
CAASQNTEAFF,GLMWLSYFV,1
CSVEDPDRDGYTF,GLMWLSYFV,1
CASSSQSTGTAGVYEQYF,GLMWLSYFV,1
CASSLFPGQGSDDEQFF,GLMWLSYFV,1
CASSQEDSWGDTQYF,GLMWLSYFV,1
CASLTRFGLYSNQPQHF,GLMWLSYFV,1
CASSYSGTENGYTF,GLMWLSYFV,1
CAVPGGSPYEQYF,GLMWLSYFV,1
CASSYRLGNEQFF,GLMWLSYFV,1
CASSMGPTGYGYTF,GLMWLSYFV,1
CASSGRARLARTDTQYF,GLMWLSYFV,1
CASRLTRGAGETQYF,GLMWLSYFV,1
CASSFLGQGDSPLHF,GLMWLSYFV,1
CASSAGTSGGASYNEQFF,GLMWLSYFV,1
CASSALTGPNTEAFF,GLMWLSYFV,1
CASSLPGWEQYF,GLMWLSYFV,1
CASSPRTDQETQYF,GLMWLSYFV,1
CASSLADLLAEKLFF,GLMWLSYFV,1
CASIAYSNQPQHF,GLMWLSYFV,1
CAISEFRDDQETQYF,GLMWLSYFV,1
CSASGTLDTEAFF,GLMWLSYFV,1
CASSWLGQGALEAFF,GLMWLSYFV,1
CSARGQGTSGVDYGYTF,GLMWLSYFV,1
CASRDTSGGPDTQYF,GLMWLSYFV,1
CASSYDSRETQYF,GLMWLSYFV,1
CATSTGDSNQPQHF,GLMWLSYFV,1
CASSQDSHSTSTDTQYF,GLMWLSYFV,1
CASSLSGGGHTDTQYF,GLMWLSYFV,1
CASATWGDPNQPQHF,GLMWLSYFV,1
CASSPTANEKLFF,GLMWLSYFV,1
CASSQVAAGDNSYEQYF,GLMWLSYFV,1
CASSEGVNEQFF,GLMWLSYFV,1
CASSLGGHGNEQFF,GLMWLSYFV,1
CASSFPGYGYTF,GLMWLSYFV,1
CASSVGVSNQPQHF,GLMWLSYFV,1
CASFDRTQGFSGANVLTF,GLMWLSYFV,1
CAISESSRGVDGYTF,GLMWLSYFV,1
CASTPGGYEQYF,GLMWLSYFV,1
CASSLTSGGQGEQFF,GLMWLSYFV,1
CASSEGWHSYEQYF,GLMWLSYFV,1
CATSREGAGTEAFF,GLMWLSYFV,1
CASSIGATEAFF,GLMWLSYFV,1
CASRLPPSSGNTDTQYF,GLMWLSYFV,1
CASSEVRGPSYNEQFF,GLMWLSYFV,1
CAISERDFQETQYF,GLMWLSYFV,1
CSASGTGSYEQYF,GLMWLSYFV,1
CASSLGETGGIQFF,GLMWLSYFV,1
CASSPDGTGSGNTIYF,GLMWLSYFV,1
CASSYSVRDYEQYF,GLMWLSYFV,1
CASRESLLAGGPDTQYF,GLMWLSYFV,1
CASSFRGPNLYTEAFF,GLMWLSYFV,1
CASSLSRSQPPNQPQHF,GLMWLSYFV,1
CASSPQGDSASSGNTIYF,GLMWLSYFV,1
CASSLPDPYEQYF,GLMWLSYFV,1
CASSSTRGWADTQYF,GLMWLSYFV,1
CATSGDTQYF,GLMWLSYFV,1
CASSPHRTVLAGDTQYF,GLMWLSYFV,1
CASSQEASGGKETQYF,GLMWLSYFV,1
CASTPGQGASTEAFF,GLMWLSYFV,1
CASRPSRGTNYGYTF,GLMWLSYFV,1
CASSLSGGRTKNIQYF,GLMWLSYFV,1
CASSFWTSGYEQYF,GLMWLSYFV,1
CASSERTSGGYTDTQYF,GLMWLSYFV,1
CSARIAGAKNIQYF,GLMWLSYFV,1
CASHISTGELFF,GLMWLSYFV,1
CASSHEWGSNTGELFF,GLMWLSYFV,1
CASSPGSLGHRASTDTQYF,GLMWLSYFV,1
CASTRGQRNGAFF,GLMWLSYFV,1
CATSEVGSETQYF,GLMWLSYFV,1
CSASSTHSNQPQHF,GLMWLSYFV,1
CASSEFGTFQETQYF,GLMWLSYFV,1
CASSIQNTGELFF,GLMWLSYFV,1
CASSRGGGSYNEQFF,GLMWLSYFV,1
CASSYGTGDLSYNEQFF,GLMWLSYFV,1
CASSGTGVTGELFF,GLMWLSYFV,1
CASSRTGSSYNEQFF,GLMWLSYFV,1
CASSRAGTGYNEQFF,GLMWLSYFV,1
CASSLGGGVLFF,GLMWLSYFV,1
CASSPLRGGVTYNEQFF,GLMWLSYFV,1
CASSEKEGTTNTGELFF,GLMWLSYFV,1
CASSSQGGYGYTF,GLMWLSYFV,1
CASSLEPTANQPQHF,GLMWLSYFV,1
CASPGDLNTEAFF,GLMWLSYFV,1
CASSPRGSYWDEQYF,GLMWLSYFV,1
CASSRNPGTGTYNEQFF,GLMWLSYFV,1
CSATPNPGGHSTDTQYF,GLMWLSYFV,1
CASSLPLGYEQYF,GLMWLSYFV,1
CASSLAGGSLSYEQYF,GLMWLSYFV,1
CASSFAGLNYGYTF,GLMWLSYFV,1
CASSIGTGRTHNEQFF,GLMWLSYFV,1
CASSEALSGGAPAETQYF,GLMWLSYFV,1
CASSLAGVIETQYF,GLMWLSYFV,1
CASSLLYSDSPLHF,GLMWLSYFV,1
CASSFGLDHGTGELFF,GLMWLSYFV,1
CAWDSYNQPQHF,GLMWLSYFV,1
CASSLTGESYEQYF,GLMWLSYFV,1
CASSWTQETQYF,GLMWLSYFV,1
CASSLSVVSGELFF,GLMWLSYFV,1
CASSVAGLAGATSTDTQYF,GLMWLSYFV,1
CATSRGPLASFLVDSYNEQFF,GLMWLSYFV,1
CASSLTGGGYEQYF,GLMWLSYFV,1
CASEGVHEQFF,GLMWLSYFV,1
CASSAYNEQFF,GLMWLSYFV,1
CASSDRAGVVTDTQYF,GLMWLSYFV,1
CASGFPIYRDKSTDTQYF,GLMWLSYFV,1
CSARAYTGELFF,GLMWLSYFV,1
CASSPYPRTGGTDTQYF,GLMWLSYFV,1
CASSLRDSSSYEQYF,GLMWLSYFV,1
CASSLLPGNTGELFF,GLMWLSYFV,1
CASSQGTISYEQYF,GLMWLSYFV,1
CASSITDRVHAGANVLTF,GLMWLSYFV,1
CASLDRVGGYTF,GLMWLSYFV,1
CASSRDTVNTEAFF,GLMWLSYFV,1
CSVVRGSYNEQFF,GLMWLSYFV,1
CASTHRGPLKRRPLHF,GLMWLSYFV,1
CASSLALTFSGEGSPLHF,GLMWLSYFV,1
CASITRLAGELFF,GLMWLSYFV,1
CASSQWTGSNYGYTF,GLMWLSYFV,1
CASSPLPGGVNEQFF,GLMWLSYFV,1
CASSPGDPSTDTQYF,GLMWLSYFV,1
CASSFRPPDTDRTNTGELFF,GLMWLSYFV,1
CASSLSAGTEAFF,GLMWLSYFV,1
CASRIQGRQPQHF,GLMWLSYFV,1
CASSPRQRSGNTIYF,GLMWLSYFV,1
CASSFGLALGDEQFF,GLMWLSYFV,1
CASSPRSSGGRYNEQFF,GLMWLSYFV,1
CASSKKGLSNEQFF,GLMWLSYFV,1
CSARGTDFANTGELFF,GLMWLSYFV,1
CASSPTSAPGLFSGNTIYF,GLMWLSYFV,1
CAIDETGHGYTF,GLMWLSYFV,1
CASSLARIYTYNEQFF,GLMWLSYFV,1
CASSGDPKAYEQYF,GLMWLSYFV,1
CASSLGRTGANTGELFF,GLMWLSYFV,1
CASSLVNTGELFF,GLMWLSYFV,1
CATTFRGYEQYF,GLMWLSYFV,1
CASSIGDGILLTDTQYF,GLMWLSYFV,1
CASSFGASGSVGELFF,GLMWLSYFV,1
CAWSVRGVNPYNEQFF,GLMWLSYFV,1
CASSLAGYEQYF,GLMWLSYFV,1
CASSLVDSARSYEQYF,GLMWLSYFV,1
CSARLRDKDYEQYF,GLMWLSYFV,1
CASSVVSGGHQPQHF,GLMWLSYFV,1
CASSPWTGARGYTF,GLMWLSYFV,1
CASSPGTDTQYF,GLMWLSYFV,1
CSAIPLGEPYEQYF,GLMWLSYFV,1
CSARDLVGLAGDTDTQYF,GLMWLSYFV,1
CASGFGHSNSPLHF,GLMWLSYFV,1
CASSQDHGLHPEAFF,GLMWLSYFV,1
CASSLGQGPYEQYF,GLMWLSYFV,1
CASSLINTGELFF,GLMWLSYFV,1
CATSFAPGQGEHGYTF,GLMWLSYFV,1
CASKRQGLHAEQYF,GLMWLSYFV,1
CASSERQLPYEQYF,GLMWLSYFV,1
CASSPPDDEQYF,GLMWLSYFV,1
CSANPRTTLYEQYF,GLMWLSYFV,1
CASTTYNEQFF,GLMWLSYFV,1
CASSLLGGRGNTGELFF,GLMWLSYFV,1
CASSQKPGQDHYEQYF,GLMWLSYFV,1
CSARDPQRTTSTDTQYF,GLMWLSYFV,1
CASSSAHYGYTF,GLMWLSYFV,1
CASSTPRGGYTF,GLMWLSYFV,1
CASSTYRGQPQHF,GLMWLSYFV,1
CAWSAASGGAQDTQYF,GLMWLSYFV,1
CASSIGIHGYTF,GLMWLSYFV,1
CASSTSTGQGWHYGYTF,GLMWLSYFV,1
CATSDQHGSSEQFF,GLMWLSYFV,1
CASALGAVDTQYF,GLMWLSYFV,1
CASSLRGGQSYEQYF,GLMWLSYFV,1
CASSQEIGVYGYTF,GLMWLSYFV,1
CASSLGSGGGETQYF,GLMWLSYFV,1
CASSEALAGSTDTQYF,GLMWLSYFV,1
CASSPKAGGPGEQFF,GLMWLSYFV,1
CASSPGTGGFLSSYEQYF,GLMWLSYFV,1
CASSLSRANSPLHF,GLMWLSYFV,1
CASRPWTGANEKLFF,GLMWLSYFV,1
CASSIALSTFQPQHF,GLMWLSYFV,1
CASINSPGGEDTGELFF,GLMWLSYFV,1
CSGLLAGTDTQYF,GLMWLSYFV,1
CASSYSTSQGANYEQYF,GLMWLSYFV,1
CASSLILDSPLHF,GLMWLSYFV,1
CASSVGGGVTDTQYF,GLMWLSYFV,1
CASSLLAVDNEQFF,GLMWLSYFV,1
CASRGLGSGGYEQYF,GLMWLSYFV,1
CASSPPRTSGAYEQYF,GLMWLSYFV,1
CASSQELAGGGNEQFF,GLMWLSYFV,1
CAISEEVSGGVGANEQFF,GLMWLSYFV,1
CASSPSGLAGYNEQFF,GLMWLSYFV,1
CASSYGGEQPQHF,GLMWLSYFV,1
CASSLAGTGSDTQYF,GLMWLSYFV,1
CASSSRLYNEQFF,GLMWLSYFV,1
CASSQTAGTGELFF,GLMWLSYFV,1
CASSAFVETQYF,GLMWLSYFV,1
CASSLWTGYNEQFF,GLMWLSYFV,1
CASSLRQGEYNEQFF,GLMWLSYFV,1
CASSLGDVQNTEAFF,GLMWLSYFV,1
CASSARDYTGELFF,GLMWLSYFV,1
CASSLSLGQGAPNYGYTF,GLMWLSYFV,1
CSAPLGEGGYTF,GLMWLSYFV,1
CSAPPPYNEQFF,GLMWLSYFV,1
CASSIARTGEAVNEQFF,GLMWLSYFV,1
CASSQAGTGFYGYTF,GLMWLSYFV,1
CASSFGGRSTDTQYF,GLMWLSYFV,1
CSARYRDTGELFF,GLMWLSYFV,1
CASSIATGLNQPQHF,GLMWLSYFV,1
CASSPSGLAGSNLGNEQFF,GLMWLSYFV,1
CASSVDDTGLSYEQYF,GLMWLSYFV,1
CASSTSGETGELFF,GLMWLSYFV,1
CASSLLGTEAFF,GLMWLSYFV,1
CASKKTPVGTEAFF,GLMWLSYFV,1
CASSVSQGYEQFF,GLMWLSYFV,1
CSALGAVGAGIHYEQYF,GLMWLSYFV,1
CASSPYPSRGSNEQFF,GLMWLSYFV,1
CAINKESDSYEQYF,GLMWLSYFV,1
CASSFSGRVGEKLFF,GLMWLSYFV,1
CASSVGQGNQPQHF,GLMWLSYFV,1
CASSMNPQGGSSPLHF,GLMWLSYFV,1
CASSVGGAHEQYF,GLMWLSYFV,1
CASSKGLAVDYTQYF,GLMWLSYFV,1
CASSQGETQYF,GLMWLSYFV,1
CASSPGESTDTQYF,GLMWLSYFV,1
CASSLFTGTNEQFF,GLMWLSYFV,1
CATSAQTGQGENTEAFF,GLMWLSYFV,1
CASSETGTSGDEQYF,GLMWLSYFV,1
CASSTSSSWTQYF,GLMWLSYFV,1
CASSLGDRGRGYGYTF,GLMWLSYFV,1
CASSPRPGPNQPQHF,GLMWLSYFV,1
CAISESVNTEAFF,GLMWLSYFV,1
CASSLNSGHTQYF,GLMWLSYFV,1
CASSLFPGQDRGRDQPQHF,GLMWLSYFV,1
CASTGSAGGSYGYTF,GLMWLSYFV,1
CASSQERDRVYEQYF,GLMWLSYFV,1
CASTPRRLGLFPSSGNTIYF,GLMWLSYFV,1
CSANDRGRGYNSPLHF,GLMWLSYFV,1
CASSLLWAEYNEQFF,GLMWLSYFV,1
CASSLDNQPQHF,GLMWLSYFV,1
CASSFPGQGNTQYF,GLMWLSYFV,1
CSAPDRYLRTEAFF,GLMWLSYFV,1
CATFTGNTEAFF,GLMWLSYFV,1
CASQAGVFTDTQYF,GLMWLSYFV,1
CASSPGGGASYEQYF,GLMWLSYFV,1
CASSSGRAGITDTQYF,GLMWLSYFV,1
CASSPEGLDNFF,GLMWLSYFV,1
CASSPTSGSRETQYF,GLMWLSYFV,1
CASSLVPTADVLTF,GLMWLSYFV,1
CASSELPAGGTNEQFF,GLMWLSYFV,1
CASSQGAGGLVFYEQYF,GLMWLSYFV,1
CAWGIPRQDNNEKLFF,GLMWLSYFV,1
CGWPGQTNTGELFF,GLMWLSYFV,1
CASSPRDEQFF,GLMWLSYFV,1
CASSVASGQLYGYTF,GLMWLSYFV,1
CASSPSYNEQFF,GLMWLSYFV,1
CASSLDGATNEKLFF,GLMWLSYFV,1
CASSYFPYDLYEQYF,GLMWLSYFV,1
CASVYLAGTMDTQYF,GLMWLSYFV,1
CASSISSTGELFF,GLMWLSYFV,1
CASGGKVFPPYEQYF,GLMWLSYFV,1
CASSDATSGTYLYNEQFF,GLMWLSYFV,1
CAWSVQQGDQPQHF,GLMWLSYFV,1
CASSPRDSLYEQYF,GLMWLSYFV,1
CASSPSGLAGSNLGNEQFF,GLMWLSYFV,1
CASSQVVDWISNTGELFF,GLMWLSYFV,1
CASSRQNTGELFF,GLMWLSYFV,1
CASSLAGTGGRFSYEQYF,GLMWLSYFV,1
CATSEAASSWTGELFF,GLMWLSYFV,1
CASSQGWGTQPQHF,GLMWLSYFV,1
CASSFLGQGAAGELFF,GLMWLSYFV,1
CASSPNPQGANMDTQYF,GLMWLSYFV,1
CASSYSRGQPEAFF,GLMWLSYFV,1
CASSRDRGLGYTF,GLMWLSYFV,1
CASSYSERDTEKLFF,GLMWLSYFV,1
CASSQGWDEQFF,GLMWLSYFV,1
CASSQRRTGPSSTDTQYF,GLMWLSYFV,1
CAWSVTPGYNEQFF,GLMWLSYFV,1
CASSLASGSNQPQHF,GLMWLSYFV,1
CASSLSWGSSYNEQFF,GLMWLSYFV,1
CASTPGSEPLHF,GLMWLSYFV,1
CASSLMGGGNTIYF,GLMWLSYFV,1
CAWSAIADTDTQYF,GLMWLSYFV,1
CASSSYRKEKLFF,GLMWLSYFV,1
CASSLGQGDGGYTF,GLMWLSYFV,1
CASSQDYNEQFF,GLMWLSYFV,1
CASSATSNQPQHF,GLMWLSYFV,1
CATSREWPGELFF,GLMWLSYFV,1
CASSEWTGNTEAFF,GLMWLSYFV,1
CASSQGGGGTDTQYF,GLMWLSYFV,1
CASSIVQGSNQPQHF,GLMWLSYFV,1
CASSYRGGYEQYF,GLMWLSYFV,1
CASSLSRRRSRDDNEQFF,GLMWLSYFV,1
CASSSPVETQYF,GLMWLSYFV,1
CASSYVGNTGELFF,GLMWLSYFV,1
CASTGGPEGNQPQHF,GLMWLSYFV,1
CAAHGGTRTLAKNIQYF,GLMWLSYFV,1
CASSYSQGGSYGYTF,GLMWLSYFV,1
CASSLLRVSGANVLTF,GLMWLSYFV,1
CASSRVGSPLHF,GLMWLSYFV,1
CASSDSLGDRGSYEQYF,GLMWLSYFV,1
CASSLVNGLGYTF,GLMWLSYFV,1
CASKVAGFNEQFF,GLMWLSYFV,1
CASSLTQGARNTIYF,GLMWLSYFV,1
CASTWDSLYEQYF,GLMWLSYFV,1
CASSPQNSYNEQFF,GLMWLSYFV,1
CASSPSSGESTDTQYF,GLMWLSYFV,1
CASSQDRIRQARTGELFF,GLMWLSYFV,1
CASRSGGGSYEQYF,GLMWLSYFV,1
CASSLTGTVDGYTF,GLMWLSYFV,1
CASSLDAETQYF,GLMWLSYFV,1
CASRQLAGFYEQYF,GLMWLSYFV,1
CASSYLTGADGYTF,GLMWLSYFV,1
CASSAGVGTGELFF,GLMWLSYFV,1
CASNLGGGSTDTQYF,GLMWLSYFV,1
CASSDGGSSGNTIYF,GLMWLSYFV,1
CASSQDLGARMGETQYF,GLMWLSYFV,1
CSARTSAGVYEQFF,GLMWLSYFV,1
CASSTPDTPSSYNEQFF,GLMWLSYFV,1
CASSLGANTGELFF,GLMWLSYFV,1
CASSQVGRGRGAFF,GLMWLSYFV,1
CASSQDRAGWIDEQFF,GLMWLSYFV,1
CSASVPAGQQNSSPLHF,GLMWLSYFV,1
CASSLGFNEQYF,GLMWLSYFV,1
CATSDVAGGGGEQFF,GLMWLSYFV,1
CASSLMTGGAYNEQFF,GLMWLSYFV,1
CASRDHRVIYGYTF,GLMWLSYFV,1
CASRRSLQGARGGYTF,GLMWLSYFV,1
CSARVEGAGPAQYF,GLMWLSYFV,1
CASRSLSGEQFF,GLMWLSYFV,1
CASSNRGYDEQYF,GLMWLSYFV,1
CASRRTGVVEKLFF,GLMWLSYFV,1
CASSYLGQMDEKLFF,GLMWLSYFV,1
CASSLAGQENQPQHF,GLMWLSYFV,1
CASSPSDPGELFF,GLMWLSYFV,1
CASSDGTSGRAGGELFF,GLMWLSYFV,1
CASSIAGNNEQFF,GLMWLSYFV,1
CASSLKVRDEQFF,GLMWLSYFV,1
CASSPPADEALYGYTF,GLMWLSYFV,1
CASSTYRQGYNEQFF,GLMWLSYFV,1
CASSYSRGISPYGYTF,GLMWLSYFV,1
CASSSSDPPGNQPQHF,GLMWLSYFV,1
CASSQVGTGVHEQFF,GLMWLSYFV,1
CASSLSNTPGEQFF,GLMWLSYFV,1
CASRSTGYLEQYF,GLMWLSYFV,1
CASSLSYNSPLHF,GLMWLSYFV,1
CASSQEFVGAVLDTQYF,GLMWLSYFV,1
CASTLSTDRGFTGELFF,GLMWLSYFV,1
CASSFISQGAYGYTF,GLMWLSYFV,1
CASSLGPVYEQYF,GLMWLSYFV,1
CATGTGGNDYEQYF,GLMWLSYFV,1
CASSLGGEQYF,GLMWLSYFV,1
CASSIGFGQGVSTEAFF,GLMWLSYFV,1
CASSRDFVSNEQYF,GLMWLSYFV,1
CATSDFGVNTGELFF,GLMWLSYFV,1
CSAYRVMSHEQYF,GLMWLSYFV,1
CASSLGGPPTYEQYF,GLMWLSYFV,1
CASKKLAGDSYEQYF,GLMWLSYFV,1
CASSSYSRYEQYF,GLMWLSYFV,1
CASTTGDSSNQPQHF,GLMWLSYFV,1
CASSLGRSTGELFF,GLMWLSYFV,1
CASRGGTGLYGYTF,GLMWLSYFV,1
CASSLFGSGGAGETQYF,GLMWLSYFV,1
CASSLGVGRGFTEAFF,GLMWLSYFV,1
CASRELGQETQYF,GLMWLSYFV,1
CASSLAAGGSYGYTF,GLMWLSYFV,1
CASRHSQGAPSWYQETQYF,GLMWLSYFV,1
CATSEIQGFSTDTQYF,GLMWLSYFV,1
CSATGLRTSYEQYF,GLMWLSYFV,1
CASRTTTGTGSSGNTIYF,GLMWLSYFV,1
CASSLSPLDNPSYEQYF,GLMWLSYFV,1
CATSDYGYTF,GLMWLSYFV,1
CASSVEGDGSEAFF,GLMWLSYFV,1
CATFAASKEQFF,GLMWLSYFV,1
CSAEVPGANTGELFF,GLMWLSYFV,1
CASSFWGLAGGYNEQFF,GLMWLSYFV,1
CAIRWTLNNEQFF,GLMWLSYFV,1
CASKHSGTGVLARELFF,GLMWLSYFV,1
CASSEDNRGRYEQYF,GLMWLSYFV,1
CASSSSGYNEQFF,GLMWLSYFV,1
CASSGQVESSGNTIYF,GLMWLSYFV,1
CASSSDPSTDTQYF,GLMWLSYFV,1
CASSLGTGGTEAFF,GLMWLSYFV,1
CASSLRGSAGNTIYF,GLMWLSYFV,1
CASRGEGSYEQYF,GLMWLSYFV,1
CASSLASTGLTQETQYF,GLMWLSYFV,1
CASRDATGGFEQYF,GLMWLSYFV,1
CASSSPRSSRDTDTQYF,GLMWLSYFV,1
CASSLYSGSFYEQYF,GLMWLSYFV,1
CASSSGVGQEAHEQYF,GLMWLSYFV,1
CASSESQGDYYGYTF,GLMWLSYFV,1
CASSPPGTPPNYGYTF,GLMWLSYFV,1
CASSQGGRSTDTQYF,GLMWLSYFV,1
CASSQDPPDTQYF,GLMWLSYFV,1
CSARDREGSIYNEQFF,GLMWLSYFV,1
CASSVSQKLFF,GLMWLSYFV,1
CASSEWALPNEQFF,GLMWLSYFV,1
CASSPVGPNTQYF,GLMWLSYFV,1
CACSIDPRGQPQHF,GLMWLSYFV,1
CASSGQGMGNSPLHF,GLMWLSYFV,1
CASTSVNTGELFF,GLMWLSYFV,1
CASSPGTGSHPYNEQFF,GLMWLSYFV,1
CACCRLFSREYGYTF,GLMWLSYFV,1
CASSPERGEETQYF,GLMWLSYFV,1
CASSSVAFDSGNTIYF,GLMWLSYFV,1
CASSPLQGANHDEQYF,GLMWLSYFV,1
CASSDPSGPGGGSPLHF,GLMWLSYFV,1
CASSLDLTETQYF,GLMWLSYFV,1
CASSRYRDPPDHEQYF,GLMWLSYFV,1
CASSGRVTGGFYNEQFF,GLMWLSYFV,1
CASSLNNEQFF,GLMWLSYFV,1
CASSLLGGSYEQYF,GLMWLSYFV,1
CSARDLEVLSYEQYF,GLMWLSYFV,1
CASAGERSEQFF,GLMWLSYFV,1
CASSEGGGYEQYF,GLMWLSYFV,1
CASSQVRQGLNQPQHF,GLMWLSYFV,1
CSASPGYNEQFF,GLMWLSYFV,1
CASSVAGGGQETQYF,GLMWLSYFV,1
CATSDDSEKLFF,GLMWLSYFV,1
CASSLLPEGTGRVSGYTF,GLMWLSYFV,1
CASSWREGTDTQYF,GLMWLSYFV,1
CASSLIRDITYEQYF,GLMWLSYFV,1
CASSQDRASYNEQFF,GLMWLSYFV,1
CASSIGRSPQHF,GLMWLSYFV,1
CASSPSGLAGSNLGNEQFF,GLMWLSYFV,1
CASSLDFSRQETQYF,GLMWLSYFV,1
CSARTATGGQSGYTF,GLMWLSYFV,1
CASSFGAGAKAGELFF,GLMWLSYFV,1
CASSQDSSETQYF,GLMWLSYFV,1
CSLSGGQHNEQFF,GLMWLSYFV,1
CATSRDWTGSAETQYF,GLMWLSYFV,1
CASSFEVRVDTEAFF,GLMWLSYFV,1
CASGFFNQPQHF,GLMWLSYFV,1
CASSQWDNQPQHF,GLMWLSYFV,1
CASSLPTRQNLASYEYGYTF,GLMWLSYFV,1
CASSPGLTPAEQYF,GLMWLSYFV,1
CASSFDHRGRDEQFF,GLMWLSYFV,1
CASSPGTGDLETQYF,GLMWLSYFV,1
CASSQDAGITYEQYF,GLMWLSYFV,1
CASSVERENTGELFF,GLMWLSYFV,1
CASRVKETQYF,GLMWLSYFV,1
CASSTSLLAQHF,GLMWLSYFV,1
CASSFLSAGGGTDTQYF,GLMWLSYFV,1
CASSWTGMNTEAFF,GLMWLSYFV,1
CASSLEAVSIHGYTF,GLMWLSYFV,1
CASSPSGYQPQHF,GLMWLSYFV,1
CASSVQEEYGYTF,GLMWLSYFV,1
CASRIGTTNEQYF,GLMWLSYFV,1
CASSPGPNQPQHF,GLMWLSYFV,1
CSARAGSTYEQYF,GLMWLSYFV,1
CATSETVAGGTGELFF,GLMWLSYFV,1
CASSGPGTLNLDTF,GLMWLSYFV,1
CASSSNIRDSGNTIYF,GLMWLSYFV,1
CASSQGSRPEQYF,GLMWLSYFV,1
CASARGWGPAGGELFF,GLMWLSYFV,1
CASSLGRYNEQFF,GLMWLSYFV,1
CASSLIANQETQYF,GLMWLSYFV,1
CATSDSSGSNEQFF,GLMWLSYFV,1
CASSWGDYNEQFF,GLMWLSYFV,1
CAISSDSGDEQFF,GLMWLSYFV,1
CASSPSAGRGLGYTF,GLMWLSYFV,1
CASGPLVGGGLGAYTF,GLMWLSYFV,1
CASSLVSPSEQFF,GLMWLSYFV,1
CASSFGGVEGMNTEAFF,GLMWLSYFV,1
CASSLDQGAQDNEQFF,GLMWLSYFV,1
CASSVGRTLDYGYTF,GLMWLSYFV,1
CASSQDHPGGYEQYF,GLMWLSYFV,1
CASGLVPGGGSDGYTF,GLMWLSYFV,1
CASSPGRGDSPLHF,GLMWLSYFV,1
CASSLGEPQHF,GLMWLSYFV,1
CASSLLAGGKETQYF,GLMWLSYFV,1
CAISDPRDSYEQYF,GLMWLSYFV,1
CASTQGYNEQFF,GLMWLSYFV,1
CASSDRFWEQYF,GLMWLSYFV,1
CASSVVGDEQYF,GLMWLSYFV,1
CASSDRDRGLLRQFF,GLMWLSYFV,1
CASRAGGWTLPSNYGYTF,GLMWLSYFV,1
CASSFIGTRAGQYF,GLMWLSYFV,1
CASSQSGGRYEQYF,GLMWLSYFV,1
CASSPSGRGGNEQFF,GLMWLSYFV,1
CASSQDPETGRTDTQYF,GLMWLSYFV,1
CASSDRGTGELFF,GLMWLSYFV,1
CASFGGTGELFF,GLMWLSYFV,1
CASSLNEQEGQPQHF,GLMWLSYFV,1
CASSQDSGWREKLFF,GLMWLSYFV,1
CASSVSGANYNEQFF,GLMWLSYFV,1
CASSEEGGLSNEKLFF,GLMWLSYFV,1
CSVDQGSGELFF,GLMWLSYFV,1
CASSLGSGQYQETQYF,GLMWLSYFV,1
CASSTGSYEQYF,GLMWLSYFV,1
CASSSGTGGQYEQYF,GLMWLSYFV,1
CAWSVPLGRREKLFF,GLMWLSYFV,1
CATSRNRGDGYTF,GLMWLSYFV,1
CASSVSGPPTGELFF,GLMWLSYFV,1
CASSYGTLPSEQFF,GLMWLSYFV,1
CSARFSANGEQYF,GLMWLSYFV,1
CASSLEMQGALYGYTF,GLMWLSYFV,1
CASSGREAFF,GLMWLSYFV,1
CASSADAGTSSEQFF,GLMWLSYFV,1
