tcr_id,mhc_allele,score_tcr_p,score_tcr_mhc
4jfd,A*02:01:01:01,-0.3172411825763201,-1.0611832800321674
22560,A*02:01:01:01,1.6485656426441295,-1.903284175053486
33315,A*02:01:01:01,3.6576568919254053,1.7538514428748515
30403,A*02:01:01:01,-2.6105208186828306,0.4565885745879162
32798,A*02:01:01:01,3.006044642275354,0.9297690604955933
32596,A*02:01:01:01,-1.74396476885269,-0.8397945176748275
31902,A*02:01:01:01,-0.7776186988720124,0.1985349127397569
32385,A*02:01:01:01,-0.40018519359686167,-0.5751848715452224
31744,A*02:01:01:01,1.6894380053231999,0.7064309363078985
31901,A*02:01:01:01,-1.5447955168211815,0.25761217616694837
31741,A*02:01:01:01,1.2623573506172971,0.8276806462438024
31685,A*02:01:01:01,2.0568931284331566,0.08425077697744121
21392,A*02:01:01:01,-0.3519904281945849,-0.8047956625450408
32442,A*02:01:01:01,0.1496464965380964,4.6517147406023085
32732,A*02:01:01:01,0.275586743931369,-0.3532550818804229
33316,A*02:01:01:01,3.647099914327526,2.4505346565491393
33317,A*02:01:01:01,2.212594156230938,-0.20588306260845662
32435,A*02:01:01:01,2.7878486851744215,2.653750655352366
31937,A*02:01:01:01,1.3278728733223046,5.353976049900048
32355,A*02:01:01:01,-1.0588957883321342,1.8564112204894725
31772,A*02:01:01:01,-1.544866446730047,4.018967553436831
31881,A*02:01:01:01,0.7704150429773343,-2.8726276451812236
30993,A*02:01:01:01,2.7964871279368544,1.8239056139491319
32015,A*02:01:01:01,3.36398338462499,-0.5036580725141038
30112,A*02:01:01:01,4.193836831095531,-4.575313338292916
21398,A*02:01:01:01,1.783949360116957,3.305890933635357
32719,A*02:01:01:01,1.1129688411770018,2.118106791896672
31832,A*02:01:01:01,-0.20262132249256737,0.6977108065840363
22574,A*02:01:01:01,1.5997404477303325,0.6153002200055837
32465,A*02:01:01:01,4.599733267454671,-0.06998712742427618
32681,A*02:01:01:01,3.1441224110420016,-0.05742082757093298
32029,A*02:01:01:01,11.181713711385393,-1.882064599163645
32037,A*02:01:01:01,5.93557020411276,3.3037328345217447
31989,A*02:01:01:01,-3.511646403452007,-4.061299671558681
32096,A*02:01:01:01,1.1420288965853873,-1.053282587350703
34497,A*02:01:01:01,6.989444393617488,0.26835397259953986
33027,A*02:01:01:01,3.3566612270664034,1.2782378378998651
32970,A*02:01:01:01,-0.14726284435633114,1.1584794057119296
32272,A*02:01:01:01,2.8241614253687697,2.509545194819069
32217,A*02:01:01:01,2.7837263066715074,0.6187114162547532
31762,A*02:01:01:01,0.7022989560905366,3.3329453553067228
31967,A*02:01:01:01,1.888612320275862,0.9886939028471
856,A*02:01:01:01,-1.152418376019722,-0.2918243575909195
32239,A*02:01:01:01,3.8060738529235434,0.4695317489932394
32887,A*02:01:01:01,1.8254912267241252,-0.136372690204566
32854,A*02:01:01:01,0.7124079405653451,3.627107768828782
1026,A*02:01:01:01,0.024021784614954078,-0.3859025511530993
22575,A*02:01:01:01,-1.91427648669049,5.059766831917752
33242,A*02:01:01:01,1.847756145839605,-2.213366734129626
31922,A*02:01:01:01,5.7448265096350974,-3.2260230551213946
1128,A*02:01:01:01,1.9616213082865281,1.6859158130317757
32597,A*02:01:01:01,1.8122596363527683,0.9043582778777054
85,A*02:01:01:01,1.5367975269252527,0.6960984445918631
29737,A*02:01:01:01,-2.4350643669672314,-0.8277005138048212
31857,A*02:01:01:01,2.111509760173067,5.6294861044645925
32594,A*02:01:01:01,0.8983383430226985,0.7664245786462099
32126,A*02:01:01:01,-0.18750769595142355,3.59073254979245
21671,A*02:01:01:01,1.4287694837781793,0.20907252325241152
32483,A*02:01:01:01,1.1683509706380275,5.96162536834331
8897,A*02:01:01:01,2.528425980967095,1.1755189292827644
4716,A*02:01:01:01,7.592583627925835,2.741550566809365
32398,A*02:01:01:01,1.8130121223689875,3.285156045959672
31970,A*02:01:01:01,-1.161957278142304,8.97148131831076
32052,A*02:01:01:01,1.0318913494078097,3.790432609655365
31567,A*02:01:01:01,3.9589141150702836,3.637521643037055
32415,A*02:01:01:01,2.299396092419306,0.03837698083915403
71,A*02:01:01:01,3.1104081629576243,-1.9584146508264937
1014,A*02:01:01:01,4.912759975439792,-4.516675574619695
31783,A*02:01:01:01,0.37427486492153494,5.707165608962572
31782,A*02:01:01:01,1.0888929696824614,2.1091155459787982
32734,A*02:01:01:01,5.669734417021992,-2.924502578839834
31803,A*02:01:01:01,3.824891464999682,1.8254728986504318
31745,A*02:01:01:01,1.8735247258014847,4.478269446926232
31785,A*02:01:01:01,0.7403807624016763,3.161261285336985
30154,A*02:01:01:01,-0.061425742198091306,1.2864726189306832
32505,A*02:01:01:01,5.842991945799852,0.7407569007151585
32191,A*02:01:01:01,2.2536601657256816,-1.6947004091915199
21451,A*02:01:01:01,2.405374460790851,6.947708560829736
30076,A*02:01:01:01,5.5271162539044,7.097132029256798
21438,A*02:01:01:01,3.018407295893911,-0.16576963524750726
32025,A*02:01:01:01,8.528371563013941,4.356626559445129
21651,A*02:01:01:01,4.890829655575514,0.04055661828718504
34530,A*02:01:01:01,3.351662612550855,2.8850290684861344
15334,A*02:01:01:01,1.805820564389226,0.7143015445125802
31877,A*02:01:01:01,2.9777886842630825,1.4888964571679986
32784,A*02:01:01:01,-2.6612079530517683,1.517959317947447
32773,A*02:01:01:01,1.1457967619875902,-4.121351705552063
34532,A*02:01:01:01,2.960049249601731,8.6905229402156
21439,A*02:01:01:01,4.701452348504237,-0.854442498418307
31789,A*02:01:01:01,-1.064162438231359,-2.069508548254003
29729,A*02:01:01:01,3.6187112495290172,2.0562297110210777
32772,A*02:01:01:01,3.964530382939847,9.205949193103589
32673,A*02:01:01:01,9.154311638831006,-2.0949428098593095
30996,A*02:01:01:01,0.6769674623110553,-1.709376702835798
302,A*02:01:01:01,-2.034653531735455,0.2989137267772539
34528,A*02:01:01:01,4.101214729230739,1.090302658675091
33073,A*02:01:01:01,0.3056311963778625,-0.49009180296948957
32497,A*02:01:01:01,0.9034453997832996,3.0485113831769284
32019,A*02:01:01:01,-1.9615836403135603,2.0209138452181112
31851,A*02:01:01:01,2.8924203799834602,1.208318651071195
31900,A*02:01:01:01,-1.1465883185473122,-0.5658555453437272
31800,A*02:01:01:01,-0.9409844149887033,1.8483419182814855
32838,A*02:01:01:01,5.4223378205021096,-4.3517080619681625
31875,A*02:01:01:01,4.056299911613247,1.0375559575820874
31930,A*02:01:01:01,0.19767485679359464,-2.9158374620207295
1294,A*02:01:01:01,1.2034001192835218,1.2922789100642857
31820,A*02:01:01:01,2.1416935419744854,6.3243417206341075
32715,A*02:01:01:01,-0.8375477136942674,5.8160216420120925
32714,A*02:01:01:01,1.6760415189255586,4.144958678964136
32086,A*02:01:01:01,0.9514854858698635,3.380325922592748
32169,A*02:01:01:01,0.5104908875608338,-0.06802909178195549
32809,A*02:01:01:01,1.4998046406047147,-0.9546298345800757
32806,A*02:01:01:01,-1.4326463721164453,0.04490131515882706
32005,A*02:01:01:01,-1.2889383383631463,3.869760028965219
32943,A*02:01:01:01,2.4845045928296146,3.983711759862439
31886,A*02:01:01:01,-1.0780603697845768,6.966579894314732
29734,A*02:01:01:01,3.243289127708599,7.6104826875209035
32325,A*02:01:01:01,2.2272136343956412,6.1794133439618895
31823,A*02:01:01:01,3.0542221489277432,-1.0143553009972348
31950,A*02:01:01:01,1.1828382650054454,1.0177321893330893
31915,A*02:01:01:01,4.987623804226155,0.2024991434737593
32135,A*02:01:01:01,-2.2786069710873047,0.9138254417814143
31821,A*02:01:01:01,-2.839591972865582,0.6649910633063595
32353,A*02:01:01:01,5.332445871118788,-0.131798886645486
32989,A*02:01:01:01,-0.5479861343112067,0.20581397341839125
31956,A*02:01:01:01,-0.2192343225871588,1.6089136810480367
32076,A*02:01:01:01,1.4174343437092316,3.272405776784524
32177,A*02:01:01:01,0.5965096494383963,-0.7569380454013013
32057,A*02:01:01:01,0.34578177372278934,4.631888988303729
32997,A*02:01:01:01,0.9986752590657839,2.243923038638109
32851,A*02:01:01:01,-0.1920027249025389,0.9720564308288518
1274,A*02:01:01:01,1.7479176220750936,0.004875745894937
32100,A*02:01:01:01,0.1985900029599136,4.432094179434629
32360,A*02:01:01:01,1.316163468312616,5.074658152232011
32468,A*02:01:01:01,1.1290896144226992,0.7878902779526126
29727,A*02:01:01:01,1.2549727686520178,2.1475796737995263
32087,A*02:01:01:01,1.8326253502958414,7.146943866057887
32216,A*02:01:01:01,0.9055806012721944,1.072937301571867
32221,A*02:01:01:01,0.9920364181460225,9.7165485413154
32219,A*02:01:01:01,1.7696619464691796,4.587303800601065
31979,A*02:01:01:01,3.566550595879371,6.160770872836419
33039,A*02:01:01:01,6.299385824582101,5.571757549774022
30989,A*02:01:01:01,3.8180871226703674,1.8556400566007825
21452,A*02:01:01:01,11.949894202574924,-2.485537942302476
31868,A*02:01:01:01,1.1376806712115979,0.17340521008614163
32017,A*02:01:01:01,3.570134419470706,2.3775084924422902
32974,A*02:01:01:01,2.773047206573707,0.5445672210259442
33142,A*02:01:01:01,0.6886698614889171,0.34154142291178197
32499,A*02:01:01:01,1.4482083786543547,0.6303646079249007
33065,A*02:01:01:01,6.680337036135696,-0.7268157386611154
32099,A*02:01:01:01,1.220352073312715,1.847506583076924
30168,A*02:01:01:01,0.9872439098384636,3.8423502532446077
31846,A*02:01:01:01,-0.5093408490450788,5.564911511939522
32579,A*02:01:01:01,2.995555574589688,-4.070657091256823
32446,A*02:01:01:01,4.55813093854219,2.0729655897835717
32113,A*02:01:01:01,3.537178474593465,5.5386045288682
32410,A*02:01:01:01,-0.34404648652471786,5.790464086384917
32848,A*02:01:01:01,0.04076145325435444,2.5110593841288447
32002,A*02:01:01:01,-1.3535745823098495,0.05121746931557736
32405,A*02:01:01:01,1.632773875477635,-1.8999442513041287
32826,A*02:01:01:01,1.6864882186655399,1.0909281546094105
32735,A*02:01:01:01,3.030716673726813,-0.19270138076271717
32829,A*02:01:01:01,-2.6794302701866495,4.015683188620874
21377,A*02:01:01:01,4.11175207789533,-0.41419238941420883
32188,A*02:01:01:01,-4.590542270127905,-4.084115983002912
32192,A*02:01:01:01,1.9668257965157148,2.555909214913509
31729,A*02:01:01:01,0.14152079280612695,-0.2855336967403729
33238,A*02:01:01:01,0.13413059314369336,0.6375794193598436
31740,A*02:01:01:01,3.733348929821777,2.0846139595886615
34509,A*02:01:01:01,4.722210269015006,10.527203121385579
31738,A*02:01:01:01,15.023027478441048,3.463029314335706
32150,A*02:01:01:01,-1.4438161167942776,1.885183931271658
32120,A*02:01:01:01,-1.4685397509383928,0.6057850737986403
31910,A*02:01:01:01,-0.5131405533192075,3.3758732366302056
33079,A*02:01:01:01,-0.13393043473334537,2.38660578905471
34504,A*02:01:01:01,2.6101282194696243,2.6083991267365674
32843,A*02:01:01:01,4.210009362409786,4.384587650760009
32866,A*02:01:01:01,3.016271023813672,2.840106157937453
32000,A*02:01:01:01,1.7387400147717582,-0.08798395519110966
32450,A*02:01:01:01,2.5545949978659253,-0.47609678156466045
32956,A*02:01:01:01,0.9552407646817155,-4.529858718558361
644,A*02:01:01:01,1.4402358259980126,5.542362900372151
32023,A*02:01:01:01,3.597152818965441,1.552590276871039
33250,A*02:01:01:01,3.212650688100015,4.555367575825921
31863,A*02:01:01:01,-1.0919818610153678,3.308637655275855
32530,A*02:01:01:01,1.5343232623510883,-2.8235490919366337
31790,A*02:01:01:01,-0.5427003397882191,0.3892600039681827
32723,A*02:01:01:01,0.7343904008498198,-1.174010986766917
32942,A*02:01:01:01,1.1398961940787942,1.1593056785399036
32852,A*02:01:01:01,-0.8122154658835297,11.07867657942025
22625,A*02:01:01:01,-2.703243072557356,5.238149628987538
34505,A*02:01:01:01,0.9373083439303793,1.5436290689806238
21447,A*02:01:01:01,3.729715016858803,1.105640060352242
32038,A*02:01:01:01,2.616622386185059,-0.6365819377465749
32729,A*02:01:01:01,-0.1392963806594728,4.764255149755829
32314,A*02:01:01:01,-1.9979914104011007,4.481301306755021
786,A*02:01:01:01,2.355085501663696,6.189647172190775
32520,A*02:01:01:01,0.6985904506689581,-1.7478028908615455
32888,A*02:01:01:01,1.4812218198115474,-1.0273088933429397
33135,A*02:01:01:01,3.2139436912777755,1.1133426932817785
31776,A*02:01:01:01,3.56290263678439,2.1922112792043693
31701,A*02:01:01:01,2.6851875282212756,-2.4876441203242834
31927,A*02:01:01:01,3.797815028291699,-0.02039305723087094
33333,A*02:01:01:01,0.26748003467108433,2.2282632541572744
31839,A*02:01:01:01,5.887844863083022,2.0316038342116793
31595,A*02:01:01:01,0.4706452056474884,2.3450030194159166
31936,A*02:01:01:01,3.1829072309695334,2.8639910780586835
5867,A*02:01:01:01,3.3596199516688228,1.3318127999821694
32333,A*02:01:01:01,2.18338262748444,0.6077523964973435
33074,A*02:01:01:01,-1.9646649057852665,1.8927960686604068
32230,A*02:01:01:01,-0.09722048996133403,0.8468974096930382
32364,A*02:01:01:01,1.5540555717859657,5.947270581489595
32944,A*02:01:01:01,1.6340869277197414,-5.443613460177095
32721,A*02:01:01:01,4.049361320744384,2.976295070788396
32250,A*02:01:01:01,-0.3705492962402698,-0.40130401611632227
32237,A*02:01:01:01,-1.5712623788439988,0.29589498059604646
32226,A*02:01:01:01,2.7524231119103546,5.012541003403319
31973,A*02:01:01:01,-0.6092916062949327,3.953052964426312
31991,A*02:01:01:01,1.2217852833066893,2.0399581007575094
31968,A*02:01:01:01,2.629216964409509,4.183810135454738
32148,A*02:01:01:01,2.647440392487078,3.928006080101488
32035,A*02:01:01:01,2.293528669034217,0.05864573272721142
32189,A*02:01:01:01,0.9343438876310544,1.3063582726562708
32366,A*02:01:01:01,-0.8104515341616553,1.8619600292651641
32642,A*02:01:01:01,-0.918279792185066,1.8594873869241921
33085,A*02:01:01:01,1.469213482430316,6.574026115388131
31987,A*02:01:01:01,3.1030447189292465,2.2705262347580546
32840,A*02:01:01:01,4.457015547878038,-1.6122215778599127
1012,A*02:01:01:01,2.2335498129933793,2.2748824385991098
21441,A*02:01:01:01,3.6582287112532716,0.0682847815976614
31773,A*02:01:01:01,4.222238608994772,0.4914155657096142
31704,A*02:01:01:01,2.4583032900945536,-1.7213731801083605
31753,A*02:01:01:01,0.14803865623036683,4.311505846500808
32771,A*02:01:01:01,2.5244706543641238,1.4473514519465824
32824,A*02:01:01:01,0.9151633583472196,5.244836439373083
31898,A*02:01:01:01,3.6209503985390414,-0.005136039260318803
30994,A*02:01:01:01,-1.429680985129534,-3.4580828522380442
31784,A*02:01:01:01,0.3152282137910183,-0.1254567213544054
31802,A*02:01:01:01,3.9482262569182622,3.7911869691334337
32118,A*02:01:01:01,0.4652839535275503,5.65339260154249
21408,A*02:01:01:01,-0.5623138572862634,1.3874653846077238
32769,A*02:01:01:01,2.818745624820081,4.7994471252301505
1009,A*02:01:01:01,1.0304880983320917,3.928685911825752
31889,A*02:01:01:01,1.5883425653550145,6.67090171678283
31879,A*02:01:01:01,3.4302547986286753,3.52167254140153
32103,A*02:01:01:01,-0.6458628962234062,0.9551808153492052
31916,A*02:01:01:01,3.5937652718013977,-0.9063730699423295
31982,A*02:01:01:01,4.6175507927118655,12.875815395319028
32348,A*02:01:01:01,-2.443287066647063,0.5731625784034989
32614,A*02:01:01:01,1.3149189903327057,-5.719913048335842
33052,A*02:01:01:01,5.6641404136521345,0.6265915658671705
32918,A*02:01:01:01,2.360836387188429,1.5322336872496645
32940,A*02:01:01:01,5.803736451593496,1.2775741093559856
20942,A*02:01:01:01,2.379790839717348,-1.598206356676675
32403,A*02:01:01:01,4.528052067937286,-0.971602037991399
34546,A*02:01:01:01,-1.9146701733132665,-0.8867926694958339
32151,A*02:01:01:01,3.328682836402807,2.9736210809243584
29738,A*02:01:01:01,1.1104064850604976,0.7787304711394488
991,A*02:01:01:01,-1.320299386158907,2.677805868085986
32569,A*02:01:01:01,3.366500847096975,4.60578061456183
32470,A*02:01:01:01,2.3480754700397766,2.507702267397818
31822,A*02:01:01:01,-1.410536867312545,3.0634341304345067
21385,A*02:01:01:01,-2.2280912821652388,1.4629973975511796
32176,A*02:01:01:01,0.1784599176769496,9.825410326046331
32408,A*02:01:01:01,2.9084252929591488,-2.8140974290048755
32228,A*02:01:01:01,2.434323283784791,1.2179479198881893
32251,A*02:01:01:01,1.1191493827576695,6.976687962406419
32257,A*02:01:01:01,3.336572679977078,3.0215406832346696
32196,A*02:01:01:01,4.014930198395422,1.678310178847697
31712,A*02:01:01:01,1.174509766167105,-2.3696486015200655
32207,A*02:01:01:01,0.4900955721160215,1.2040230498406208
32234,A*02:01:01:01,2.446512682506209,-1.9822917212673548
30984,A*02:01:01:01,3.494104686927956,5.295269853459728
31841,A*02:01:01:01,-2.5822440697874973,4.35797094035185
31844,A*02:01:01:01,5.105519248516077,-0.7977715842727083
32964,A*02:01:01:01,1.204388318996572,3.4713332588131527
519,A*02:01:01:01,0.828254639392798,3.608956134824621
31894,A*02:01:01:01,-0.40105547159757965,2.5965606698471637
31855,A*02:01:01:01,0.452829214536148,-2.8095564973991527
172,A*02:01:01:01,7.02195812762414,8.960428449041645
1967,A*02:01:01:01,0.9499968730137395,6.882814849471922
18798,A*02:01:01:01,3.6878538288207983,10.945769243620742
32140,A*02:01:01:01,3.0114399924929143,0.30080000010511837
21375,A*02:01:01:01,-0.7938267954363819,6.665832960120113
1525,A*02:01:01:01,5.184076014084667,3.5249071634777014
32767,A*02:01:01:01,0.8135682749007718,-3.684981402078825
32813,A*02:01:01:01,4.689798987282284,-4.214255550711323
33094,A*02:01:01:01,2.3055169936657136,-1.2694417451919011
32859,A*02:01:01:01,1.8442108472595862,3.2774726229101216
21440,A*02:01:01:01,-2.149539868244059,2.2695179065979074
31705,A*02:01:01:01,0.14112894767531697,-2.528169671157231
31754,A*02:01:01:01,1.5923646080902085,1.3601724968160456
31816,A*02:01:01:01,1.2565843767632563,5.112079692707123
32528,A*02:01:01:01,0.5724364780804257,4.101124050431645
32789,A*02:01:01:01,-2.3363322185497033,0.35328495475624583
32765,A*02:01:01:01,2.4582681375742825,-0.6703878855470791
32950,A*02:01:01:01,-0.3398570596290853,-3.4810165126993615
31835,A*02:01:01:01,2.170167620756004,0.4868239204216491
1086,A*02:01:01:01,-0.2268059813599328,2.0985836575697965
31779,A*02:01:01:01,-0.005809890836979692,-3.954111466629096
32688,A*02:01:01:01,-2.8691940006320498,3.858009179099724
32062,A*02:01:01:01,3.352315314656637,0.10210431857671654
32790,A*02:01:01:01,3.3053713654957577,3.200285583664522
30985,A*02:01:01:01,-0.8165956722166565,5.150320280077238
33314,A*02:01:01:01,2.1575383610778847,-0.5880217952862087
31833,A*02:01:01:01,4.21228351277175,0.5079843061686392
32679,A*02:01:01:01,4.256070042096824,-1.0954033481561152
32071,A*02:01:01:01,-1.765352516778925,-2.797119191469044
32115,A*02:01:01:01,1.6189320787880301,3.4319903896707444
31724,A*02:01:01:01,3.7294160665606686,2.211506723378324
32117,A*02:01:01:01,0.3383363797123542,-0.680029459398426
31946,A*02:01:01:01,2.870961230105883,3.131412361274477
25739,A*02:01:01:01,1.988859357419428,2.958443230905194
30095,A*02:01:01:01,9.210154662124395,-1.5045325140358243
31985,A*02:01:01:01,2.975743502857647,-0.030099696121108466
34330,A*02:01:01:01,0.8945473668354973,6.448964643312233
31955,A*02:01:01:01,2.281604076386927,4.6950325837035845
32060,A*02:01:01:01,2.686008023986429,5.4484107308708785
32034,A*02:01:01:01,0.3862010705540083,-1.631817044638709
32043,A*02:01:01:01,3.602372383085794,6.014548567319053
32064,A*02:01:01:01,1.3714021999361186,-4.180763610556305
32892,A*02:01:01:01,-3.6659814415589347,2.303778184180619
31749,A*02:01:01:01,-0.34091188132115835,2.0702266242700462
32979,A*02:01:01:01,9.596381666011462,-2.432570357955249
32982,A*02:01:01:01,1.0882562944246417,4.1488838758563915
32275,A*02:01:01:01,1.192086037553468,7.482559004410909
32849,A*02:01:01:01,1.2945218737010107,5.519453207354871
32218,A*02:01:01:01,4.5033341031215866,-2.6817802367076427
31757,A*02:01:01:01,1.3944611878985664,5.610115069843275
30995,A*02:01:01:01,-1.5464082551986145,2.4261521356801703
33040,A*02:01:01:01,0.3762994669271904,4.581923790981557
25965,A*02:01:01:01,0.0600792169891875,3.8059435248282765
32227,A*02:01:01:01,1.5691964006572185,-0.8702156584729617
31981,A*02:01:01:01,1.636710009099908,4.500614031425169
32577,A*02:01:01:01,3.714063268875555,2.638462895491378
31829,A*02:01:01:01,6.724825953995736,8.848618849863453
32054,A*02:01:01:01,0.13760004945777216,-1.651277909705744
32049,A*02:01:01:01,1.4755950191502667,-1.4862961396169636
32048,A*02:01:01:01,4.967250743629698,3.1511676218540634
31737,A*02:01:01:01,0.06523893190852498,-1.1492783890497653
32831,A*02:01:01:01,3.0339420617138964,-0.7573376951791388
30080,A*02:01:01:01,2.0609037643367225,2.700831850525079
32312,A*02:01:01:01,9.010561390666686,1.5727123704646653
32033,A*02:01:01:01,2.8372555907428714,4.569469229399468
32021,A*02:01:01:01,0.9576425578897326,1.7046696192076354
32582,A*02:01:01:01,1.3679484826034038,-1.0289533223546892
31756,A*02:01:01:01,-0.8703019722044041,3.739433777132545
32908,A*02:01:01:01,-2.6569823593369053,6.570828953974171
31929,A*02:01:01:01,2.6173620083099487,1.6244399250964767
32391,A*02:01:01:01,5.381036095049462,2.295393325789394
32870,A*02:01:01:01,3.3801464247196815,-1.89728365767222
32750,A*02:01:01:01,-0.19181507929429129,-0.8297448750209164
32742,A*02:01:01:01,1.318580993540382,-3.0434684995342574
21383,A*02:01:01:01,4.275850728898025,3.3761670858763675
32665,A*02:01:01:01,1.9357840998497762,9.409825764666513
32636,A*02:01:01:01,3.246146925635541,2.8945297328343598
32634,A*02:01:01:01,7.666107089638476,-3.6869025462604705
21446,A*02:01:01:01,-3.173751911525485,3.459914378759846
28804,A*02:01:01:01,-1.3200844793705762,1.3761515175779646
32511,A*02:01:01:01,-0.7582335446385631,-0.08088227231291223
32512,A*02:01:01:01,1.605930586809382,4.555538887739071
33028,A*02:01:01:01,-0.03931018473356035,4.048353736418285
31002,A*02:01:01:01,2.176348362250142,0.5197307391184414
1552,A*02:01:01:01,3.2163154644286127,-0.6122664221362262
31986,A*02:01:01:01,5.230950361279307,2.370980346052523
34531,A*02:01:01:01,1.312357594005015,0.4325832185342613
32084,A*02:01:01:01,12.106717235770049,4.619324563276574
21384,A*02:01:01:01,0.07078506247639121,1.8034522604579637
32404,A*02:01:01:01,1.0759813070694153,1.3649483874836181
31935,A*02:01:01:01,0.1569465822054266,3.7389896418314477
300,A*02:01:01:01,3.2083205136566293,-4.711076850438349
31850,A*02:01:01:01,5.402477143496541,-0.14822280130386806
32502,A*02:01:01:01,-0.890461864488129,-0.035038168870928754
32006,A*02:01:01:01,0.5344248873549838,-1.7337813394459576
32246,A*02:01:01:01,0.9671867073352192,1.4155435026345826
32213,A*02:01:01:01,-0.39314078901650196,-0.5853118133516189
32201,A*02:01:01:01,4.7997339167654784,-5.881609038919662
34520,A*02:01:01:01,-0.035371046263221684,1.8008703352432058
30990,A*02:01:01:01,1.7072022667148121,-0.7365310913235137
32129,A*02:01:01:01,-0.14573518939888597,-0.07565302662579365
31874,A*02:01:01:01,2.597622744399317,5.361858457290408
32046,A*02:01:01:01,1.8341231244444147,2.840526111664812
33255,A*02:01:01:01,10.480305590352224,-1.6546843153526103
34481,A*02:01:01:01,4.7351785845654835,1.0490729533849197
31836,A*02:01:01:01,2.9297583539373457,-0.42804542152954655
32032,A*02:01:01:01,-1.1569100283201368,3.7740513369102584
32762,A*02:01:01:01,3.4711103164837347,9.98093749435545
32612,A*02:01:01:01,2.818171107574123,8.714817669348864
31861,A*02:01:01:01,2.232422284511993,7.685125787792804
32001,A*02:01:01:01,3.0489797208233496,3.180783081726185
22576,A*02:01:01:01,0.16562996769012878,-2.1427079680280685
33055,A*02:01:01:01,0.6487515039625064,0.598373254823807
32310,A*02:01:01:01,-0.9251126368451501,5.425245064153218
32356,A*02:01:01:01,4.294475803091177,2.1377339785746017
31891,A*02:01:01:01,0.5123560101470792,2.6952911087574574
32513,A*02:01:01:01,8.047762857515107,-0.7963778795404278
31732,A*02:01:01:01,-0.13672894582282202,-0.1521846589642623
31810,A*02:01:01:01,0.6801767776379346,-1.6745886641508934
32211,A*02:01:01:01,4.0649490265586845,4.158087654562333
30090,A*02:01:01:01,1.197646793108524,-2.2977999309360837
32975,A*02:01:01:01,1.2956440234534519,4.5262226826677185
32051,A*02:01:01:01,0.6493914294575361,5.376359821200878
32976,A*02:01:01:01,5.260623608369964,11.819147673190892
31849,A*02:01:01:01,1.4358452128958907,3.5378045267523657
31867,A*02:01:01:01,-0.5403812776398421,5.401029437468387
32028,A*02:01:01:01,1.4849998709729462,3.6581400929529333
30144,A*02:01:01:01,9.32933560870021,6.36574951785671
34357,A*02:01:01:01,1.5109951478399832,5.897413976905836
32669,A*02:01:01:01,0.08443358492673514,1.8116456346133363
31734,A*02:01:01:01,-1.2555304804560525,3.6679459543192507
32455,A*02:01:01:01,-0.41840219657943756,-0.7590145731924094
32185,A*02:01:01:01,0.45483115262060125,-3.0637526905982937
30088,A*02:01:01:01,-1.3960656743374806,-1.5644204098274734
32040,A*02:01:01:01,5.060493483275369,5.346602155128293
31775,A*02:01:01:01,1.630385985833123,1.2170218372602646
30246,A*02:01:01:01,-0.44305135541937096,1.9191632573931254
32053,A*02:01:01:01,-1.3700045103699992,-0.7525451805388164
32632,A*02:01:01:01,0.17625389212004425,6.244823528947386
32876,A*02:01:01:01,1.213667254228143,4.880427196354755
32629,A*02:01:01:01,1.7658695112222542,4.386008628856238
30077,A*02:01:01:01,1.829850068964846,8.140687020408793
30116,A*02:01:01:01,1.6769116046396433,7.758666278603352
32110,A*02:01:01:01,2.1827076929990197,-0.8941357305963479
21381,A*02:01:01:01,-1.7544127779026484,-0.9499586921472736
32812,A*02:01:01:01,-3.40498230130022,3.793157152971619
32170,A*02:01:01:01,-2.344713893158289,4.3203917804075
32477,A*02:01:01:01,2.0341919615758486,3.3342214023349115
22728,A*02:01:01:01,2.719138931400048,3.9043293482027224
32008,A*02:01:01:01,-0.2120788211064674,4.551883115224654
4477,A*02:01:01:01,-1.3868128583355572,-0.6170083045246373
29730,A*02:01:01:01,-1.4571713852597195,-0.9484750424396917
31751,A*02:01:01:01,3.4923943471303263,-0.9589662676833315
32439,A*02:01:01:01,-0.79178536111673,0.1979414791850741
32867,A*02:01:01:01,1.3482939457864942,-1.6787398924332027
1702,A*02:01:01:01,2.4600835313072777,1.7484571787526542
28890,A*02:01:01:01,3.8111458922497734,5.517504318258632
1030,A*02:01:01:01,-0.977486081450199,5.272735206215648
31972,A*02:01:01:01,6.847490935415034,-1.8321839568972462
703,A*02:01:01:01,2.0798890079785046,2.900120955365754
32778,A*02:01:01:01,3.638031649069358,9.082152238426097
30997,A*02:01:01:01,1.9205212711410304,-0.07676012094395114
32903,A*02:01:01:01,-1.1606782595272689,-0.685487423377167
1047,A*02:01:01:01,4.957486512583892,-6.268032056248118
31847,A*02:01:01:01,2.612459819559069,5.19194681892088
31921,A*02:01:01:01,-0.30386742520294197,0.9777078612344843
31708,A*02:01:01:01,1.7216848189148815,3.0372334621120944
31873,A*02:01:01:01,0.7337650177867434,1.6807352342728983
22566,A*02:01:01:01,1.5886603217353963,-2.3510782952568428
32837,A*02:01:01:01,1.4746506579846745,-1.581314836959789
33070,A*02:01:01:01,4.226789400485203,-2.4071826209404343
32845,A*02:01:01:01,3.0574230997332026,-5.696905632344839
33332,A*02:01:01:01,7.466863977479324,2.7747283938057685
758,A*02:01:01:01,-0.09002697429663892,0.8399438503914574
30977,A*02:01:01:01,3.4541132006525843,-0.5576110278799709
32986,A*02:01:01:01,3.489090325724278,6.440213061850388
31780,A*02:01:01:01,2.5783409936186317,-2.77434139431074
31770,A*02:01:01:01,0.8654919647687788,2.284159380594288
33282,A*02:01:01:01,1.8575419815188519,1.7230965136166705
1063,A*02:01:01:01,6.091080291282183,-2.5716652411050815
32105,A*02:01:01:01,-2.032833345242893,1.316557625561607
32821,A*02:01:01:01,0.2611891996359167,-1.240785426563987
32407,A*02:01:01:01,-0.9149083096453161,-1.7692975072461579
34346,A*02:01:01:01,1.5109951478399832,5.897413976905836
32224,A*02:01:01:01,2.834522050723025,0.8525453832296033
7869,A*02:01:01:01,0.521586627381109,0.1121035728225469
22634,A*02:01:01:01,3.406455227878446,0.13851131858136284
22486,A*02:01:01:01,0.41366183482645963,1.661569518802903
31871,A*02:01:01:01,2.1150956949434363,3.2410571036515856
32276,A*02:01:01:01,0.10887672536526055,-1.6783137990881343
22565,A*02:01:01:01,6.804978079090806,-0.21027911551790235
32223,A*02:01:01:01,4.821786325830402,3.252964236589452
32209,A*02:01:01:01,1.8778897971437218,-4.30304629100082
32521,A*02:01:01:01,1.3070290462406131,-2.848986168434364
31906,A*02:01:01:01,2.5980664526204666,1.1978713696834093
1632,A*02:01:01:01,6.270069463227236,-1.478507182258399
30091,A*02:01:01:01,-0.011445813014908213,4.358149150617124
21449,A*02:01:01:01,1.5448253728477508,4.2126463522673125
34507,A*02:01:01:01,1.696426846700735,-0.8446479573935117
33129,A*02:01:01:01,4.559741977974702,4.765364070926767
21453,A*02:01:01:01,2.2845113206162493,-1.7559392795235023
32868,A*02:01:01:01,3.707028922479677,0.7231247082827361
31534,A*02:01:01:01,7.334543785571408,2.822071680683851
32156,A*02:01:01:01,-2.59282537929165,-0.527460996113624
32973,A*02:01:01:01,5.394839263411238,-0.19882698425055037
32666,A*02:01:01:01,3.071204736276291,1.239657633478109
32968,A*02:01:01:01,3.464619360781442,-0.8762402464893835
31963,A*02:01:01:01,2.9522326132218017,4.211734634983512
4045,A*02:01:01:01,-0.7048349394193116,-1.3908193764603523
1052,A*02:01:01:01,1.7444214529552537,1.0519882014093533
32371,A*02:01:01:01,4.264298021300043,3.90379464330628
32206,A*02:01:01:01,2.8027782117047013,0.9492561786665217
32412,A*02:01:01:01,4.19995247351215,-3.9245975367263606
21462,A*02:01:01:01,3.2540617012886695,-1.0890115593949978
31948,A*02:01:01:01,-1.954394039812633,0.6671818710074442
32395,A*02:01:01:01,-0.3204673526515237,0.9832978316504202
32125,A*02:01:01:01,-4.079233319769996,-2.154439345181256
33061,A*02:01:01:01,5.599178094443451,-3.5766413322078163
31980,A*02:01:01:01,1.849158928332332,1.6631564407057284
19556,A*02:01:01:01,-0.6677313680277246,4.840066232383075
34325,A*02:01:01:01,2.6077278954467085,3.5019363376151262
32127,A*02:01:01:01,3.8853460116724516,2.203632617556406
32083,A*02:01:01:01,-2.113471147034996,3.0755932584553713
32621,A*02:01:01:01,-0.44043180297979967,0.8841635289985154
31827,A*02:01:01:01,1.424730249043611,-4.134704324257939
32905,A*02:01:01:01,2.0461529916058825,2.2162254818792557
32776,A*02:01:01:01,2.014488886893202,2.4200578292783277
32203,A*02:01:01:01,0.6317264278003791,2.4497498606112242
32245,A*02:01:01:01,-2.041020386387842,3.034182675474396
33021,A*02:01:01:01,0.31142218515899106,-0.06630549548882037
21533,A*02:01:01:01,2.5410570584847916,-1.5495453059821178
31971,A*02:01:01:01,3.5426160741175328,-0.4617678063764792
32324,A*02:01:01:01,1.1484531651945638,-2.7843545054899064
34490,A*02:01:01:01,-0.8899887476561856,1.9855740079316841
32856,A*02:01:01:01,-0.029863990195567347,4.028301784945345
32631,A*02:01:01:01,0.8503651728657289,4.794622095793903
32285,A*02:01:01:01,-1.486727933354124,10.052002743115176
32591,A*02:01:01:01,1.7054468716199302,0.5643284152027669
32077,A*02:01:01:01,5.4934963924374784,0.52434331831584
33214,A*02:01:01:01,-2.5085783247660123,-1.3182234925683716
31965,A*02:01:01:01,0.32599809825535875,1.428510677185289
32834,A*02:01:01:01,6.853683511423451,2.2894294308535437
31819,A*02:01:01:01,-1.9076425880755137,-0.19027445865221038
32938,A*02:01:01:01,3.3259800747732515,-1.6304424088024387
32998,A*02:01:01:01,2.798766038944919,-2.241595069383428
34508,A*02:01:01:01,6.108407595410657,3.687729746851155
31739,A*02:01:01:01,3.4358580351179775,4.754162242079343
32303,A*02:01:01:01,2.137813713640975,6.618523412527658
32282,A*02:01:01:01,2.5762794213677185,1.026238286472613
29732,A*02:01:01:01,1.669965706534036,-3.1021133503990397
30078,A*02:01:01:01,1.8263297765437274,8.403890159137715
32519,A*02:01:01:01,2.072978727770311,-3.0989981136349223
31854,A*02:01:01:01,3.2922495633488595,2.606234494864959
32321,A*02:01:01:01,1.400310433080584,-1.887827423517688
32846,A*02:01:01:01,-1.1654752142677016,-1.7916519873226433
30988,A*02:01:01:01,3.396267929758733,-3.0673402110605426
33069,A*02:01:01:01,3.589928775535054,3.272131906384945
32121,A*02:01:01:01,4.815836644901322,-0.9761442830195313
31878,A*02:01:01:01,2.2753298421669474,-0.7127525979117161
32825,A*02:01:01:01,4.85559288975644,0.8226221039000767
31883,A*02:01:01:01,1.009239465851644,3.9228566459843783
31938,A*02:01:01:01,3.129066810849101,-2.4436848201096346
32423,A*02:01:01:01,3.0558336671139856,-1.9286080099372327
31993,A*02:01:01:01,-1.6488161234405971,-0.7861936682800026
31840,A*02:01:01:01,1.3513098633746468,-0.5796798154309679
34533,A*02:01:01:01,2.392747452572843,-2.42219262623046
31899,A*02:01:01:01,-1.92572039314267,0.7358554090335314
32668,A*02:01:01:01,-0.34566621860263813,-0.7334259382616354
29718,A*02:01:01:01,0.9985969023631476,4.220843269049393
29731,A*02:01:01:01,-0.7084086695903742,0.30247902155297735
31843,A*02:01:01:01,-0.08011891236806512,-4.120148982118743
32427,A*02:01:01:01,11.435296218658184,2.33652328227281
34340,A*02:01:01:01,1.7364271816204677,5.148921226799754
32233,A*02:01:01:01,1.0808551035985225,0.5239654283053019
32229,A*02:01:01:01,5.426451529771198,2.3531043933294074
33034,A*02:01:01:01,-0.5608267117480573,-0.4169783211184488
5459,A*02:01:01:01,2.6304342416528543,1.5244283599573296
32058,A*02:01:01:01,6.52816653576402,-3.1898800522318878
32138,A*02:01:01:01,0.01198046510951789,2.7135226397546743
32304,A*02:01:01:01,1.0759211164333666,4.054740700430146
32287,A*02:01:01:01,-1.6835983752615826,-3.801636539847089
32294,A*02:01:01:01,-0.5196517336071038,5.132044981544949
33144,A*02:01:01:01,0.02526592813495432,-1.217574315897426
32193,A*02:01:01:01,-0.4093144249773544,5.300484234360248
28822,A*02:01:01:01,2.0076150357842373,1.1848815525724765
32820,A*02:01:01:01,1.4098722661302023,9.753021334862662
31924,A*02:01:01:01,1.8192268203663264,-2.756352827563415
32460,A*02:01:01:01,-6.06349464232295,-2.7414527064957697
32042,A*02:01:01:01,-2.0737152663260843,1.1308116751336539
32807,A*02:01:01:01,-0.35937227133484834,-1.0974795982603767
32067,A*02:01:01:01,2.0637543615481997,7.09126880477567
32707,A*02:01:01:01,3.6883322185973464,2.949059495977552
31799,A*02:01:01:01,4.474979129926742,3.0386527423729057
32517,A*02:01:01:01,3.8823727785047715,3.9424353125501366
32190,A*02:01:01:01,4.447193601773992,5.004847548898661
32386,A*02:01:01:01,2.0550043007646797,2.04132981976765
30755,A*02:01:01:01,5.03403568325257,-3.9690823188028768
33063,A*02:01:01:01,1.5827391837322473,-1.1631014334736918
33104,A*02:01:01:01,1.7672132107894427,7.11680893055812
32073,A*02:01:01:01,-1.0566495069701782,-3.5619437425995546
32045,A*02:01:01:01,3.423774392067055,4.391422860289721
31954,A*02:01:01:01,-1.7351161037600127,2.667730227119667
32456,A*02:01:01:01,2.278522874258904,2.889506356950565
31865,A*02:01:01:01,3.489636134791072,3.240880622679606
31862,A*02:01:01:01,0.630880069908542,4.42505227675909
32828,A*02:01:01:01,-1.9133955451538873,-2.8452864978714647
34495,A*02:01:01:01,0.9907495435545681,3.480032673421762
31959,A*02:01:01:01,4.61017194550854,-1.0949133762406162
32910,A*02:01:01:01,1.276341296523155,4.5779092218280475
21450,A*02:01:01:01,3.4911762681314418,0.7163925143494313
31828,A*02:01:01:01,4.554611829551385,-5.986444683174753
32330,A*02:01:01:01,1.6608241403073707,6.03802005885749
31869,A*02:01:01:01,6.003757872896795,0.222270145572939
32952,A*02:01:01:01,3.960115020704319,7.755794243412151
31856,A*02:01:01:01,2.1683895021449975,-1.2337490150878652
32119,A*02:01:01:01,0.19482676382034358,5.442095178481825
33066,A*02:01:01:01,3.559671174734732,3.584261305153702
33471,A*02:01:01:01,-1.094845056797345,-2.567034226275357
32338,A*02:01:01:01,-0.29043405366553265,-2.202333695934391
32311,A*02:01:01:01,0.2924273453260008,-2.4396018239635344
32501,A*02:01:01:01,1.8225633071619127,1.747426542455302
33340,A*02:01:01:01,0.9573942682924198,2.2434561890008182
31966,A*02:01:01:01,-2.0437480568910305,-0.8223296989304868
31892,A*02:01:01:01,1.2831452205736695,5.465065931331271
32273,A*02:01:01:01,4.9220334361672435,4.087502904541335
32685,A*02:01:01:01,5.77133304358377,-1.273756620045698
31969,A*02:01:01:01,1.1730995987591937,-0.08761939018468878
32200,A*02:01:01:01,-0.3447894277714852,5.904452587505718
21378,A*02:01:01:01,3.5363868967169325,-3.985000584026267
32041,A*02:01:01:01,0.5042044997917376,1.135348597678641
32056,A*02:01:01:01,0.35004858510046566,-0.15737296543772028
14772,A*02:01:01:01,-4.950778204053228,2.1677424425035787
32842,A*02:01:01:01,5.1552700392282835,-1.0951906894328487
32993,A*02:01:01:01,-0.05553582669957392,0.21746417311292243
32030,A*02:01:01:01,4.24224239001335,4.867301796816274
22586,A*02:01:01:01,1.9638098050163877,5.22510756104333
33236,A*02:01:01:01,-0.40736856757185763,-0.3156307583850593
33000,A*02:01:01:01,0.5748354722013962,4.844856019342652
21443,A*02:01:01:01,0.39250834085863223,0.4832380305834511
30139,A*02:01:01:01,3.773567986368264,1.2637230422053827
30231,A*02:01:01:01,1.696069914913806,-0.1539204363303726
33103,A*02:01:01:01,4.48797849478845,4.178063918487213
31896,A*02:01:01:01,8.703954967712512,-1.0323199817145516
34348,A*02:01:01:01,1.5109951478399832,5.897413976905836
34501,A*02:01:01:01,1.066690772705925,4.245104016139228
32743,A*02:01:01:01,-2.987307878886039,6.450902167099767
32844,A*02:01:01:01,2.7662509357884915,-0.7680564942429218
31978,A*02:01:01:01,0.9596553339620566,0.17751403476940986
31845,A*02:01:01:01,-0.6191190571778409,0.5157016384572222
31808,A*02:01:01:01,6.176528100479582,2.6625837376514734
31700,A*02:01:01:01,-0.38105548387631394,-0.7733623274337955
33046,A*02:01:01:01,1.5120222204773974,-2.1757810368290422
301,A*02:01:01:01,6.000203229628055,5.251046479052871
32558,A*02:01:01:01,2.4522034103264283,3.492113960771774
33042,A*02:01:01:01,-0.005393454994023217,-1.1929400838218411
32853,A*02:01:01:01,7.087509105620235,1.8981426326503015
33023,A*02:01:01:01,-1.4379581840675906,-0.7250480682971153
32039,A*02:01:01:01,4.4223229583674275,1.2715626030199303
34534,A*02:01:01:01,-3.307938489875219,7.258932000445154
33143,A*02:01:01:01,-0.4289975281067305,1.4131790630266858
32024,A*02:01:01:01,1.177149790842548,-2.349600391642892
31933,A*02:01:01:01,-0.6417686518951715,2.135213489510198
32855,A*02:01:01:01,-1.4161262429131738,1.5055849309866154
30072,A*02:01:01:01,0.8263688836944855,4.727676063840698
32745,A*02:01:01:01,0.12333494985301502,0.9203124551103283
32988,A*02:01:01:01,-1.1633675959871574,3.6283085080100377
31781,A*02:01:01:01,0.3688054766110399,2.864277193526185
32804,A*02:01:01:01,-1.13752638934796,1.813119332320187
32799,A*02:01:01:01,0.9796674425029988,4.638244007087785
32674,A*02:01:01:01,0.8224509278648167,1.0293889633310247
32658,A*02:01:01:01,-1.0368941518221737,1.6763553137786185
31848,A*02:01:01:01,1.8054291971403875,-2.0444235682298317
32072,A*02:01:01:01,5.441703547685289,-0.8209513900345149
21458,A*02:01:01:01,0.9559500974569569,10.563186487040626
32092,A*02:01:01:01,2.9723428607373292,-2.76408632483846
32358,A*02:01:01:01,-0.6884069274487103,4.262926777936158
1475,A*02:01:01:01,0.95663509243828,2.5006944766806223
2061,A*02:01:01:01,1.017838744293528,-1.1164178485043754
32089,A*02:01:01:01,3.742141504082253,-3.166466960420273
32055,A*02:01:01:01,-1.6472841225254586,0.659983978959354
21380,A*02:01:01:01,-0.00032741548179704427,1.6094972325924337
32697,A*02:01:01:01,1.6644646955028992,7.52026746051152
21382,A*02:01:01:01,3.0735041961777108,-1.2478129470136021
32069,A*02:01:01:01,1.574379643135546,2.5704968895524276
31858,A*02:01:01:01,-0.31807611769450794,-2.420184363436988
32536,A*02:01:01:01,-0.6079974904778945,-0.27318262928487946
32411,A*02:01:01:01,3.629121536112655,0.3270099894429094
30991,A*02:01:01:01,-0.7886163854489863,-1.4074056723113049
32252,A*02:01:01:01,0.3964384027140595,0.7380898608794311
21663,A*02:01:01:01,5.475549085828187,0.7510033996799468
32955,A*02:01:01:01,-1.7536018581008785,1.888131141214438
32494,A*02:01:01:01,1.465806444687516,1.5462087653064613
21963,A*02:01:01:01,1.3845318194416043,2.153131396783576
32050,A*02:01:01:01,1.0930136863382607,2.0385524106163984
32500,A*02:01:01:01,6.268215933834888,-2.185958278378248
32315,A*02:01:01:01,2.984792497613756,-2.8307158968805486
32640,A*02:01:01:01,1.7484232122166414,0.8518060345991543
32047,A*02:01:01:01,1.6967115631436587,-1.32052121297553
32031,A*02:01:01:01,3.076652635387978,2.9512418061276477
32341,A*02:01:01:01,2.849112206182992,1.5599488292600285
31872,A*02:01:01:01,0.09996645104920199,0.590213926143112
33054,A*02:01:01:01,-3.081307900102506,3.8207768173637118
32296,A*02:01:01:01,2.01121183906808,2.844066299407105
32369,A*02:01:01:01,-0.0549323517408791,-1.6990682835195536
32808,A*02:01:01:01,1.246101195871963,2.6887600757263885
31975,A*02:01:01:01,0.3136311989416452,7.243718241270045
31928,A*02:01:01:01,2.85576262871676,5.673188967739488
32453,A*02:01:01:01,1.2007523984492838,-0.16966771919269852
32284,A*02:01:01:01,2.062797623161854,-1.6446041546692982
21674,A*02:01:01:01,4.610656608425337,3.353680577370042
32800,A*02:01:01:01,8.096547451539443,6.5403004589266
31887,A*02:01:01:01,0.7363060623393106,2.126888883773948
32827,A*02:01:01:01,0.5589589443444853,3.085512309954231
32518,A*02:01:01:01,-0.21548776892480132,6.923471499292102
32720,A*02:01:01:01,-1.3388923080876993,-1.5705376523361967
32533,A*02:01:01:01,1.8559889864892487,-2.550717854680235
33167,A*02:01:01:01,-1.0339367840628064,0.7006551034339084
